0.0785398163397	9.88275482904e-05	-4.01446087218	9.87690412885e-05	-4.02569830974
0.235619449019	0.00010848165272	-3.43134117052	0.000108423427943	-3.46486740581
0.392699081699	0.000107414845022	-2.79042426571	0.000107357173873	-2.84569524156
0.549778714378	0.000105927207501	-2.32671413333	0.000105870341082	-2.40286746192
0.706858347058	0.000104698503775	-1.97717493122	0.000104642665729	-2.07308755294
0.863937979737	0.000103696355972	-1.70468804298	0.000103641738046	-1.81904256319
1.02101761242	0.000102847114484	-1.48743271901	0.000102793874703	-1.61878391687
1.1780972451	0.000102092998166	-1.31124575992	0.00010204126115	-1.45808114901
1.33517687778	0.000101393536127	-1.16635580398	0.000101343394971	-1.32714681606
1.49225651046	0.000100721200497	-1.04577746461	0.000100672719627	-1.21902004784
1.64933614313	0.000100057442295	-0.944393860235	0.000100010660838	-1.12863878085
1.80641577581	9.93898211769e-05	-0.85838232876	9.9344756498e-05	-1.05225630559
1.96349540849	9.87100514087e-05	-0.784837035463	9.86667025704e-05	-0.987056196973
2.12057504117	9.80126964722e-05	-0.721513879423	9.79710474756e-05	-0.930891089321
2.27765467385	9.72942981691e-05	-0.666654594884	9.72543208901e-05	-0.882102079668
2.43473430653	9.65527912656e-05	-0.618863394612	9.65144480519e-05	-0.839391914928
2.59181393921	9.57871051805e-05	-0.577019082394	9.57503511052e-05	-0.801734674654
2.74889357189	9.49968888135e-05	-0.54021146916	9.49616735957e-05	-0.768310575439
2.90597320457	9.41823172163e-05	-0.507694679987	9.41485868374e-05	-0.738458298053
3.06305283725	9.33439533259e-05	-0.478852365864	9.33116513683e-05	-0.711639693273
3.22013246993	9.24826472501e-05	-0.453171423989	9.24517159937e-05	-0.687413341007
3.37721210261	9.15994615488e-05	-0.430221883937	9.15698428558e-05	-0.665414517552
3.53429173529	9.06956147903e-05	-0.409641323138	9.06672508082e-05	-0.645339855075
3.69137136797	8.977243817e-05	-0.391122653653	8.97452718823e-05	-0.626935475291
3.84845100065	8.88313416238e-05	-0.374404450263	8.88053172717e-05	-0.609987723023
4.00553063333	8.7873786969e-05	-0.359263217407	8.78488503669e-05	-0.594315865258
4.16261026601	8.69012663433e-05	-0.345507152196	8.6877365106e-05	-0.579766290551
4.31968989869	8.59152847119e-05	-0.332971074096	8.58923684108e-05	-0.566207864299
4.47676953137	8.49173455613e-05	-0.321512273379	8.48953658236e-05	-0.553528182313
4.63384916404	8.39089391357e-05	-0.311007089689	8.38878496963e-05	-0.541630528288
4.79092879672	8.28915327363e-05	-0.301348075628	8.28712894543e-05	-0.530431387196
4.9480084294	8.18665627273e-05	-0.29244163269	8.18471235734e-05	-0.519858400961
5.10508806208	8.08354279694e-05	-0.284206031248	8.08167529925e-05	-0.509848678495
5.26216769476	7.9799484469e-05	-0.276569744765	7.97815357457e-05	-0.500347391511
5.41924732744	7.87600410686e-05	-0.269470042633	7.87427826411e-05	-0.491306602231
5.57632696012	7.77183560402e-05	-0.262851796998	7.7701753845e-05	-0.482684280365
5.7334065928	7.6675634465e-05	-0.256666467524	7.66596562572e-05	-0.474443475443
5.89048622548	7.56330263011e-05	-0.250871234781	7.56176415745e-05	-0.466551617275
6.04756585816	7.45916250558e-05	-0.245428258296	7.45768049615e-05	-0.458979922628
6.20464549084	7.35524669871e-05	-0.240304039573	7.35381842521e-05	-0.451702890347
6.36172512352	7.25165307703e-05	-0.235468873829	7.25027596166e-05	-0.444697870415
6.5188047562	7.14847375702e-05	-0.230896376936	7.14714536361e-05	-0.437944695098
6.67588438888	7.04579514677e-05	-0.226563076347	7.04451317305e-05	-0.431425362381
6.83296402156	6.94369801924e-05	-0.222448056588	6.94246028945e-05	-0.425123763627
6.99004365424	6.84225761177e-05	-0.21853265143	6.84106206952e-05	-0.419025448739
7.14712328692	6.74154374803e-05	-0.214800176101	6.7403884495e-05	-0.413117423222
7.3042029196	6.64162097879e-05	-0.211235693895	6.64050408621e-05	-0.407387972453
7.46128255228	6.54254873823e-05	-0.207825812443	6.54146851375e-05	-0.401826509234
7.61836218496	6.44438151295e-05	-0.204558505567	6.44333631273e-05	-0.396423441293
7.77544181763	6.34716902095e-05	-0.20142295729	6.3461572897e-05	-0.391170055925
7.93252145031	6.25095639826e-05	-0.198409425034	6.24997666399e-05	-0.386058419401
8.08960108299	6.15578439106e-05	-0.195509119488	6.15483526015e-05	-0.381081289111
8.24668071567	6.06168955133e-05	-0.192714098971	6.06076970389e-05	-0.376232036707
8.40376034835	5.96870443444e-05	-0.190017176421	5.96781261998e-05	-0.371504580789
8.56083998103	5.87685779715e-05	-0.187411837404	5.87599283048e-05	-0.366893327841
8.71791961371	5.78617479467e-05	-0.184892167753	5.78533555203e-05	-0.362393120359
8.87499924639	5.69667717569e-05	-0.182452789627	5.69586259117e-05	-0.357999191215
9.03207887907	5.60838347446e-05	-0.180088804949	5.60759253661e-05	-0.353707123459
9.18915851175	5.52130919901e-05	-0.17779574532	5.52054094764e-05	-0.349512814872
9.34623814443	5.43546701481e-05	-0.175569527618	5.43472053804e-05	-0.34541244665
9.50331777711	5.35086692343e-05	-0.173406414596	5.35014135486e-05	-0.341402455723
9.66039740979	5.26751643552e-05	-0.171302979878	5.26681095165e-05	-0.337479510229
9.81747704247	5.185420738e-05	-0.169256076836	5.18473455576e-05	-0.333640487783
9.97455667515	5.10458285494e-05	-0.167262810888	5.10391522937e-05	-0.329882456165
10.1316363078	5.02500380208e-05	-0.165320514812	5.0243540242e-05	-0.326202656165
10.2887159405	4.94668273488e-05	-0.163426726733	4.94605012965e-05	-0.322598486301
10.4457955732	4.86961708983e-05	-0.161579170472	4.86900101427e-05	-0.319067489194
10.6028752059	4.7938027193e-05	-0.159775737985	4.79320256067e-05	-0.315607339401
10.7599548385	4.7192340197e-05	-0.158014473656	4.71864919388e-05	-0.312215832544
10.9170344712	4.64590405316e-05	-0.156293560237	4.64533400304e-05	-0.308890875559
11.0741141039	4.57380466279e-05	-0.154611306243	4.57324885682e-05	-0.305630477967
11.2311937366	4.50292658166e-05	-0.152966134651	4.50238451246e-05	-0.302432744015
11.3882733693	4.43325953564e-05	-0.151356572749	4.43273071871e-05	-0.299295865618
11.5453530019	4.36479234029e-05	-0.149781243011	4.36427631279e-05	-0.296218115994
11.7024326346	4.297512992e-05	-0.148238854895	4.29700931158e-05	-0.293197843909
11.8595122673	4.23140875351e-05	-0.146728197448	4.23091699727e-05	-0.290233468485
12.0165919	4.1664662341e-05	-0.145248132644	4.16598599755e-05	-0.287323474488
12.1736715327	4.10267146466e-05	-0.143797589376	4.10220236078e-05	-0.284466408057
12.3307511653	4.04000996778e-05	-0.14237555802	4.0395516261e-05	-0.281660872811
12.487830798	3.97846682314e-05	-0.140981085529	3.97801888892e-05	-0.278905526315
12.6449104307	3.91802672843e-05	-0.139613270987	3.91758886186e-05	-0.276199076849
12.8019900634	3.85867405598e-05	-0.138271261584	3.85824593142e-05	-0.27354028045
12.9590696961	3.80039290535e-05	-0.13695424896	3.79997421064e-05	-0.270927938209
13.1161493287	3.74316715203e-05	-0.135661465891	3.74275758778e-05	-0.268360893789
13.2732289614	3.68698049253e-05	-0.134392183275	3.68657977156e-05	-0.265838031137
13.4303085941	3.63181648602e-05	-0.133145707384	3.6314243327e-05	-0.263358272383
13.5873882268	3.57765859273e-05	-0.131921377369	3.57727474247e-05	-0.260920575895
13.7444678595	3.52449020925e-05	-0.130718562979	3.52411440794e-05	-0.258523934487
13.9015474921	3.47229470102e-05	-0.129536662479	3.47192670453e-05	-0.256167373747
14.0586271248	3.42105543202e-05	-0.128375100745	3.42069500575e-05	-0.253849950501
14.2157067575	3.370755792e-05	-0.127233327528	3.37040271042e-05	-0.251570751366
14.3727863902	3.32137922131e-05	-0.126110815854	3.32103326754e-05	-0.249328891419
14.5298660229	3.27290923347e-05	-0.12500706056	3.27257019887e-05	-0.247123512939
14.6869456555	3.22532943567e-05	-0.123921576952	3.22499711948e-05	-0.244953784247
14.8440252882	3.17862354736e-05	-0.122853899568	3.17829775632e-05	-0.242818898602
15.0011049209	3.13277541698e-05	-0.121803581038	3.13245596501e-05	-0.240718073179
15.1581845536	3.08776903699e-05	-0.120770191037	3.08745574487e-05	-0.238650548103
15.3152641863	3.04358855741e-05	-0.119753315315	3.04328125244e-05	-0.236615585538
15.4723438189	3.00021829776e-05	-0.118752554805	2.99991681351e-05	-0.234612468832
15.6294234516	2.95764275777e-05	-0.11776752479	2.9573469338e-05	-0.232640501709
15.7865030843	2.91584662678e-05	-0.116797854141	2.91555630835e-05	-0.230699007501
15.943582717	2.8748147919e-05	-0.115843184604	2.87452982978e-05	-0.228787328427
16.1006623496	2.83453234527e-05	-0.114903170138	2.83425259542e-05	-0.226904824904
16.2577419823	2.7949845901e-05	-0.113977476304	2.79470991353e-05	-0.2250508749
16.414821615	2.75615704596e-05	-0.113065779692	2.75588730848e-05	-0.22322487331
16.5719012477	2.71803545315e-05	-0.112167767387	2.71777052517e-05	-0.22142623137
16.7289808804	2.68060577628e-05	-0.111283136471	2.68034553262e-05	-0.219654376094
16.886060513	2.64385420719e-05	-0.110411593563	2.64359852688e-05	-0.217908749742
17.0431401457	2.60776716708e-05	-0.109552854382	2.60751593324e-05	-0.216188809306
17.2002197784	2.57233130823e-05	-0.108706643337	2.57208440784e-05	-0.214494026026
17.3572994111	2.53753351499e-05	-0.107872693151	2.53729083877e-05	-0.212823884921
17.5143790438	2.50336090436e-05	-0.107050744498	2.50312234661e-05	-0.211177884344
17.6714586764	2.46980082607e-05	-0.106240545671	2.46956628455e-05	-0.209555535553
17.8285383091	2.43684086228e-05	-0.105441852261	2.43661023802e-05	-0.207956362304
17.9856179418	2.40446882686e-05	-0.104654426861	2.40424202407e-05	-0.206379900458
18.1426975745	2.37267276432e-05	-0.103878038787	2.37244969027e-05	-0.204825697601
18.2997772072	2.3414409485e-05	-0.103112463808	2.34122151338e-05	-0.203293312684
18.4568568398	2.31076188088e-05	-0.102357483897	2.3105459977e-05	-0.201782315676
18.6139364725	2.28062428871e-05	-0.101612886997	2.28041187319e-05	-0.200292287227
18.7710161052	2.2510171229e-05	-0.10087846679	2.25080809337e-05	-0.198822818345
18.9280957379	2.2219295557e-05	-0.100154022492	2.22172383299e-05	-0.197373510091
19.0851753706	2.19335097819e-05	-0.099439358644	2.19314848554e-05	-0.195943973277
19.2422550032	2.16527099765e-05	-0.0987342849253	2.16507166064e-05	-0.194533828177
19.3993346359	2.13767943475e-05	-0.0980386159685	2.13748318119e-05	-0.193142704253
19.5564142686	2.11056632068e-05	-0.0973521711876	2.11037308053e-05	-0.191770239884
19.7134939013	2.08392189411e-05	-0.0966747746124	2.0837315994e-05	-0.190416082113
19.870573534	2.05773659808e-05	-0.0960062547318	2.05754918286e-05	-0.189079886393
20.0276531666	2.03200107687e-05	-0.0953464443435	2.0318164771e-05	-0.187761316349
20.1847327993	2.00670617273e-05	-0.0946951804113	2.00652432625e-05	-0.186460043546
20.341812432	1.98184292262e-05	-0.0940523039283	1.98166376905e-05	-0.185175747264
20.4988920647	1.95740255489e-05	-0.0934176597865	1.95722603559e-05	-0.183908114281
20.6559716974	1.93337648592e-05	-0.0927910966517	1.9332025439e-05	-0.182656838664
20.81305133	1.90975631674e-05	-0.0921724668441	1.90958489665e-05	-0.181421621566
20.9701309627	1.88653382967e-05	-0.0915616262241	1.8863648777e-05	-0.180202171031
21.1272105954	1.86370098495e-05	-0.0909584340819	1.86353444878e-05	-0.178998201803
21.2842902281	1.84124991728e-05	-0.0903627530331	1.84108574607e-05	-0.177809435144
21.4413698608	1.81917293255e-05	-0.089774448917	1.81901107684e-05	-0.176635598655
21.5984494934	1.7974625044e-05	-0.0891933907004	1.79730291608e-05	-0.175476426104
21.7555291261	1.77611127089e-05	-0.0886194503838	1.77595390318e-05	-0.174331657262
21.9126087588	1.75511203122e-05	-0.0880525029123	1.75495683858e-05	-0.173201037739
22.0696883915	1.73445774239e-05	-0.0874924260895	1.73430468052e-05	-0.172084318828
22.2267680241	1.71414151596e-05	-0.0869391004945	1.71399054173e-05	-0.170981257356
22.3838476568	1.69415661482e-05	-0.0863924094024	1.69400768626e-05	-0.169891615535
22.5409272895	1.67449645001e-05	-0.0858522387072	1.67434952624e-05	-0.16881516082
22.6980069222	1.65515457753e-05	-0.0853184768482	1.65500961876e-05	-0.167751665774
22.8550865549	1.63612469528e-05	-0.0847910147382	1.63598166273e-05	-0.16670090793
23.0121661875	1.61740063995e-05	-0.0842697456952	1.61725949586e-05	-0.165662669664
23.1692458202	1.59897638402e-05	-0.0837545653758	1.59883709159e-05	-0.164636738071
23.3263254529	1.58084603277e-05	-0.083245371711	1.58070855616e-05	-0.163622904839
23.4834050856	1.56300382137e-05	-0.0827420648447	1.56286812563e-05	-0.162620966133
23.6404847183	1.54544411197e-05	-0.0822445470736	1.54531016305e-05	-0.161630722482
23.7975643509	1.52816139091e-05	-0.0817527227898	1.52802915559e-05	-0.160651978664
23.9546439836	1.51115026587e-05	-0.0812664984248	1.51101971179e-05	-0.159684543601
24.1117236163	1.49440546323e-05	-0.0807857823956	1.49427655881e-05	-0.158728230252
24.268803249	1.47792182529e-05	-0.0803104850526	1.47779453974e-05	-0.157782855511
24.4258828817	1.46169430772e-05	-0.0798405186291	1.461568611e-05	-0.156848240112
24.5829625143	1.44571797693e-05	-0.0793757971923	1.44559383973e-05	-0.155924208527
24.740042147	1.42998800756e-05	-0.0789162365963	1.42986540128e-05	-0.155010588878
24.8971217797	1.41449967999e-05	-0.0784617544361	1.41437857673e-05	-0.154107212843
25.0542014124	1.39924837793e-05	-0.078012270003	1.39912875045e-05	-0.15321391557
25.2112810451	1.38422958603e-05	-0.0775677042424	1.38411140773e-05	-0.15233053559
25.3683606777	1.36943888753e-05	-0.0771279797112	1.36932213246e-05	-0.151456914736
25.5254403104	1.35487196201e-05	-0.0766930205381	1.35475660482e-05	-0.150592898059
25.6825199431	1.34052458316e-05	-0.0762627523843	1.34041059909e-05	-0.149738333753
25.8395995758	1.32639261657e-05	-0.0758371024053	1.32627998143e-05	-0.148893073076
25.9966792085	1.31247201761e-05	-0.0754159992145	1.3123607078e-05	-0.14805697028
26.1537588411	1.29875882936e-05	-0.0749993728469	1.29864882179e-05	-0.147229882534
26.3108384738	1.28524918052e-05	-0.0745871547252	1.28514045265e-05	-0.146411669854
26.4679181065	1.27193928347e-05	-0.0741792776253	1.27183181326e-05	-0.145602195042
26.6249977392	1.25882543228e-05	-0.0737756756444	1.2587191982e-05	-0.144801323611
26.7820773719	1.24590400082e-05	-0.0733762841686	1.24579898183e-05	-0.144008923725
26.9391570045	1.2331714409e-05	-0.0729810398427	1.23306761641e-05	-0.143224866136
27.0962366372	1.22062428044e-05	-0.0725898805399	1.22052163033e-05	-0.142449024123
27.2533162699	1.20825912168e-05	-0.0722027453327	1.20815762629e-05	-0.141681273433
27.4103959026	1.1960726395e-05	-0.0718195744649	1.19597227958e-05	-0.14092149222
27.5674755353	1.18406157964e-05	-0.071440309324	1.18396233638e-05	-0.140169560994
27.7245551679	1.17222275712e-05	-0.0710648924146	1.1721246121e-05	-0.139425362564
27.8816348006	1.16055305457e-05	-0.0706932673321	1.1604559898e-05	-0.138688781984
28.0387144333	1.14904942069e-05	-0.070325378738	1.14895341855e-05	-0.137959706501
28.195794066	1.13770886869e-05	-0.0699611723351	1.13761391194e-05	-0.137238025508
28.3528736986	1.12652847479e-05	-0.0696005948433	1.12643454655e-05	-0.13652363049
28.5099533313	1.11550537674e-05	-0.0692435939773	1.1154124605e-05	-0.135816414982
28.667032964	1.1046367724e-05	-0.0688901184229	1.10454485201e-05	-0.135116274515
28.8241125967	1.09391991835e-05	-0.0685401178157	1.09382897798e-05	-0.13442310658
28.9811922294	1.08335212851e-05	-0.0681935427199	1.08326215266e-05	-0.133736810576
29.138271862	1.0729307728e-05	-0.0678503446066	1.07284174631e-05	-0.133057287771
29.2953514947	1.06265327588e-05	-0.0675104758344	1.0625651839e-05	-0.132384441258
29.4524311274	1.05251711583e-05	-0.0671738896293	1.05242994381e-05	-0.131718175918
29.6095107601	1.04251982296e-05	-0.0668405400655	1.04243355664e-05	-0.131058398376
29.7665903928	1.03265897855e-05	-0.0665103820467	1.03257360398e-05	-0.130405016964
29.9236700254	1.02293221375e-05	-0.0661833712878	1.02284771725e-05	-0.129757941686
30.0807496581	1.01333720833e-05	-0.0658594642974	1.01325357651e-05	-0.129117084175
30.2378292908	1.00387168967e-05	-0.0655386183603	1.00378890939e-05	-0.128482357664
30.3949089235	9.94533431564e-06	-0.0652207915205	9.94451489973e-06	-0.127853676947
30.5519885562	9.85320253227e-06	-0.0649059425652	9.8523913771e-06	-0.127230958346
30.7090681888	9.76230018218e-06	-0.0645940310084	9.76149716414e-06	-0.12661411968
30.8661478215	9.67260633432e-06	-0.0642850170757	9.67181133227e-06	-0.126003080228
31.0232274542	9.58410048114e-06	-0.0639788616885	9.5833133763e-06	-0.125397760701
31.1803070869	9.49676252888e-06	-0.0636755264498	9.49598320482e-06	-0.124798083212
31.3373867196	9.4105727882e-06	-0.0633749736295	9.40980113071e-06	-0.124203971242
31.4944663522	9.32551196489e-06	-0.0630771661503	9.32474786202e-06	-0.123615349618
31.6515459849	9.24156115102e-06	-0.0627820675738	9.24080449294e-06	-0.123032144474
31.8086256176	9.15870181608e-06	-0.0624896420875	9.15795249509e-06	-0.122454283234
31.9657052503	9.07691579851e-06	-0.0621998544913	9.07617370897e-06	-0.121881694578
32.122784883	8.99618529738e-06	-0.0619126701852	8.99545033563e-06	-0.121314308417
32.2798645156	8.91649286419e-06	-0.0616280551563	8.91576492856e-06	-0.12075205587
32.4369441483	8.83782139504e-06	-0.0613459759673	8.83710038575e-06	-0.120194869236
32.594023781	8.76015412282e-06	-0.0610663997442	8.75943994199e-06	-0.119642681968
32.7511034137	8.68347460972e-06	-0.0607892941648	8.68276716127e-06	-0.119095428654
32.9081830464	8.60776673983e-06	-0.0605146274477	8.60706592948e-06	-0.11855304499
33.065262679	8.53301471199e-06	-0.060242368341	8.5323204472e-06	-0.118015467758
33.2223423117	8.45920303277e-06	-0.0599724861116	8.45851522271e-06	-0.117482634803
33.3794219444	8.38631650964e-06	-0.059704950535	8.38563506513e-06	-0.116954485014
33.5365015771	8.31434024427e-06	-0.0594397318847	8.31366507778e-06	-0.116430958299
33.6935812098	8.2432596261e-06	-0.0591768009224	8.24259065166e-06	-0.115911995566
33.8506608424	8.17306032589e-06	-0.0589161288881	8.17239745911e-06	-0.115397538705
34.0077404751	8.1037282896e-06	-0.0586576874908	8.10307144759e-06	-0.114887530564
34.1648201078	8.0352497323e-06	-0.0584014488989	8.03459883368e-06	-0.114381914932
34.3218997405	7.9676111323e-06	-0.0581473857314	7.96696609712e-06	-0.113880636523
34.4789793731	7.90079922536e-06	-0.0578954710488	7.90015997511e-06	-0.113383640949
34.6360590058	7.83480099912e-06	-0.0576456783445	7.83416745666e-06	-0.112890874714
34.7931386385	7.76960368754e-06	-0.0573979815364	7.7689757771e-06	-0.112402285186
34.9502182712	7.70519476562e-06	-0.0571523549585	7.70457241276e-06	-0.111917820585
35.1072979039	7.64156194413e-06	-0.0569087733527	7.64094507572e-06	-0.111437429965
35.2643775365	7.57869316455e-06	-0.0566672118614	7.5780817087e-06	-0.110961063199
35.4214571692	7.51657659405e-06	-0.0564276460191	7.51597048015e-06	-0.11048867096
35.5785368019	7.45520062066e-06	-0.0561900517454	7.4545997793e-06	-0.11002020471
35.7356164346	7.39455384851e-06	-0.0559544053372	7.39395821148e-06	-0.109555616679
35.8926960673	7.33462509323e-06	-0.0557206834617	7.33403459348e-06	-0.109094859855
36.0497756999	7.27540337738e-06	-0.0554888631495	7.27481794901e-06	-0.108637887967
36.2068553326	7.2168779261e-06	-0.0552589217873	7.21629750432e-06	-0.108184655471
36.3639349653	7.15903816274e-06	-0.0550308371116	7.15846268386e-06	-0.107735117536
36.521014598	7.10187370471e-06	-0.0548045872016	7.1013031061e-06	-0.107289230032
36.6780942307	7.04537435931e-06	-0.0545801504734	7.04480857941e-06	-0.106846949513
36.8351738633	6.98953011981e-06	-0.0543575056731	6.98896909805e-06	-0.10640823321
36.992253496	6.93433116141e-06	-0.0541366318708	6.93377483828e-06	-0.10597303901
37.1493331287	6.87976783755e-06	-0.0539175084549	6.87921615449e-06	-0.105541325453
37.3064127614	6.82583067607e-06	-0.0537001151258	6.82528357549e-06	-0.10511305171
37.4634923941	6.77251037563e-06	-0.0534844318902	6.77196780089e-06	-0.104688177581
37.6205720267	6.71979780211e-06	-0.0532704390557	6.71925969748e-06	-0.104266663474
37.7776516594	6.66768398514e-06	-0.053058117225	6.66715029582e-06	-0.103848470402
37.9347312921	6.6161601147e-06	-0.0528474472905	6.61563078678e-06	-0.103433559964
38.0918109248	6.56521753783e-06	-0.0526384104292	6.56469251825e-06	-0.103021894341
38.2488905575	6.51484775534e-06	-0.0524309880977	6.5143269919e-06	-0.102613436281
38.4059701901	6.46504241867e-06	-0.0522251620263	6.46452586002e-06	-0.10220814909
38.5630498228	6.4157933268e-06	-0.0520209142152	6.4152809224e-06	-0.101805996622
38.7201294555	6.36709242321e-06	-0.0518182269286	6.36658412332e-06	-0.101406943268
38.8772090882	6.31893179293e-06	-0.0516170826908	6.3184275486e-06	-0.101010953948
39.0342887209	6.27130365966e-06	-0.0514174642808	6.27080342273e-06	-0.100617994099
39.1913683535	6.22420038296e-06	-0.0512193547284	6.22370410601e-06	-0.100228029667
39.3484479862	6.17761445546e-06	-0.0510227373093	6.17712209181e-06	-0.0998410271002
39.5055276189	6.13153850022e-06	-0.050827595541	6.13105000391e-06	-0.0994569533344
39.6626072516	6.08596526802e-06	-0.0506339131783	6.08548059384e-06	-0.0990757757892
39.8196868843	6.04088763488e-06	-0.0504416742094	6.04040673829e-06	-0.0986974623574
39.9767665169	5.99629859947e-06	-0.0502508628515	5.99582143663e-06	-0.0983219813965
40.1338461496	5.95219128071e-06	-0.0500614635471	5.95171780844e-06	-0.097949301721
40.2909257823	5.90855891533e-06	-0.0498734609596	5.90808909112e-06	-0.097579392594
40.448005415	5.86539485552e-06	-0.0496868399702	5.86492863751e-06	-0.0972122237195
40.6050850476	5.82269256666e-06	-0.0495015856733	5.82222991363e-06	-0.0968477652344
40.7621646803	5.78044562509e-06	-0.0493176833734	5.77998649643e-06	-0.0964859877012
40.919244313	5.73864771585e-06	-0.0491351185812	5.73819207157e-06	-0.0961268621002
41.0763239457	5.69729263061e-06	-0.0489538770101	5.69684043132e-06	-0.0957703598229
41.2334035784	5.65637426554e-06	-0.0487739445729	5.65592547244e-06	-0.095416452664
41.390483211	5.61588661922e-06	-0.0485953073781	5.61544119409e-06	-0.095065112815
41.5475628437	5.57582379073e-06	-0.0484179517268	5.57538169592e-06	-0.0947163128573
41.7046424764	5.53617997761e-06	-0.0482418641093	5.53574117601e-06	-0.0943700257555
41.8617221091	5.49694947395e-06	-0.0480670312021	5.49651392903e-06	-0.0940262248505
42.0188017418	5.45812666857e-06	-0.0478934398645	5.45769434431e-06	-0.0936848838535
42.1758813744	5.41970604312e-06	-0.0477210771355	5.41927690404e-06	-0.0933459768395
42.3329610071	5.38168217032e-06	-0.0475499302312	5.38125618145e-06	-0.0930094782411
42.4900406398	5.34404971221e-06	-0.0473799865414	5.34362683909e-06	-0.0926753628426
42.6471202725	5.30680341841e-06	-0.0472112336268	5.30638362708e-06	-0.092343605774
42.8041999052	5.26993812446e-06	-0.0470436592163	5.26952138146e-06	-0.0920141825049
42.9612795378	5.23344875017e-06	-0.0468772512043	5.2330350225e-06	-0.0916870688393
43.1183591705	5.197330298e-06	-0.0467119976476	5.19691955316e-06	-0.0913622409097
43.2754388032	5.16157785154e-06	-0.0465478867629	5.16117005748e-06	-0.0910396751717
43.4325184359	5.1261865739e-06	-0.0463849069245	5.12578169901e-06	-0.0907193483984
43.5895980686	5.09115170623e-06	-0.046223046661	5.09074971939e-06	-0.0904012376758
43.7466777012	5.05646856629e-06	-0.0460622946535	5.05606943677e-06	-0.0900853203968
43.9037573339	5.02213254694e-06	-0.0459026397328	5.02173624448e-06	-0.0897715742568
44.0608369666	4.98813911478e-06	-0.0457440708769	4.98774560954e-06	-0.0894599772483
44.2179165993	4.95448380874e-06	-0.0455865772088	4.95409307128e-06	-0.0891505076562
44.374996232	4.92116223875e-06	-0.045430147994	4.92077424005e-06	-0.0888431440531
44.5320758646	4.8881700844e-06	-0.0452747726383	4.88778479584e-06	-0.0885378652947
44.6891554973	4.85550309365e-06	-0.0451204406856	4.85512048702e-06	-0.0882346505148
44.84623513	4.82315708157e-06	-0.0449671418155	4.82277712903e-06	-0.0879334791211
45.0033147627	4.79112792908e-06	-0.0448148658415	4.79075060319e-06	-0.087634330791
45.1603943954	4.75941158177e-06	-0.0446636027082	4.75903685546e-06	-0.0873371854667
45.317474028	4.72800404869e-06	-0.0445133424902	4.72763189524e-06	-0.0870420233513
45.4745536607	4.69690140114e-06	-0.044364075389	4.69653179423e-06	-0.0867488249049
45.6316332934	4.66609977164e-06	-0.0442157917318	4.66573268528e-06	-0.0864575708397
45.7887129261	4.6355953527e-06	-0.0440684819691	4.63523076126e-06	-0.0861682421169
45.9457925588	4.6053843958e-06	-0.0439221366729	4.605022274e-06	-0.0858808199422
46.1028721914	4.57546321028e-06	-0.0437767465349	4.57510353317e-06	-0.0855952857619
46.2599518241	4.54582816232e-06	-0.0436323023643	4.54547090529e-06	-0.0853116212595
46.4170314568	4.51647567389e-06	-0.0434887950865	4.51612081266e-06	-0.0850298083517
46.5741110895	4.48740222175e-06	-0.0433462157408	4.48704973236e-06	-0.0847498291848
46.7311907221	4.45860433649e-06	-0.0432045554787	4.45825419529e-06	-0.084471666131
46.8882703548	4.43007860151e-06	-0.0430638055627	4.42973078518e-06	-0.0841953017853
47.0453499875	4.40182165214e-06	-0.0429239573639	4.40147613766e-06	-0.0839207189613
47.2024296202	4.37383017467e-06	-0.0427850023607	4.37348693931e-06	-0.0836479006886
47.3595092529	4.34610090544e-06	-0.0426469321372	4.34575992679e-06	-0.083376830209
47.5165888855	4.31863063001e-06	-0.0425097383814	4.31829188592e-06	-0.0831074909733
47.6736685182	4.29141618219e-06	-0.0423734128838	4.29107965083e-06	-0.0828398666382
47.8307481509	4.26445444329e-06	-0.0422379475355	4.2641201031e-06	-0.0825739410631
47.9878277836	4.2377423412e-06	-0.0421033343274	4.23741017091e-06	-0.0823096983069
48.1449074163	4.21127684965e-06	-0.0419695653478	4.21094682824e-06	-0.082047122625
48.3019870489	4.18505498733e-06	-0.0418366327816	4.18472709406e-06	-0.0817861984666
48.4590666816	4.15907381714e-06	-0.0417045289086	4.15874803155e-06	-0.0815269104714
48.6161463143	4.13333044544e-06	-0.041573246102	4.13300674731e-06	-0.0812692434667
48.773225947	4.10782202126e-06	-0.0414427768273	4.10750039064e-06	-0.0810131824651
48.9303055797	4.08254573556e-06	-0.0413131136407	4.08222615275e-06	-0.0807587126609
49.0873852123	4.05749882053e-06	-0.0411842491876	4.05718126607e-06	-0.0805058194283
49.244464845	4.03267854886e-06	-0.0410561762017	4.03236300355e-06	-0.0802544883178
49.4015444777	4.00808223305e-06	-0.0409288875034	4.00776867792e-06	-0.0800047050543
49.5586241104	3.9837072247e-06	-0.0408023759986	3.98339564103e-06	-0.0797564555341
49.7157037431	3.95955091389e-06	-0.0406766346775	3.95924128319e-06	-0.0795097258227
49.8727833757	3.93561072849e-06	-0.0405516566133	3.93530303248e-06	-0.0792645021517
50.0298630084	3.91188413351e-06	-0.040427434961	3.91157835416e-06	-0.0790207709171
50.1869426411	3.88836863047e-06	-0.0403039629562	3.88806474996e-06	-0.0787785186763
50.3440222738	3.86506175681e-06	-0.040181233914	3.86475975755e-06	-0.0785377321461
50.5011019065	3.84196108525e-06	-0.0400592412277	3.84166094986e-06	-0.0782983982003
50.6581815391	3.8190642232e-06	-0.039937978368	3.81876593451e-06	-0.0780605038671
50.8152611718	3.79636881219e-06	-0.0398174388814	3.79607235325e-06	-0.0778240363273
50.9723408045	3.77387252728e-06	-0.0396976163895	3.77357788134e-06	-0.0775889829119
51.1294204372	3.75157307651e-06	-0.0395785045879	3.75128022702e-06	-0.0773553310999
51.2865000699	3.72946820035e-06	-0.0394600972448	3.72917713097e-06	-0.077123068516
51.4435797025	3.70755567114e-06	-0.0393423882004	3.70726636572e-06	-0.076892182929
51.6006593352	3.68583329259e-06	-0.0392253713656	3.68554573517e-06	-0.0766626622493
51.7577389679	3.66429889922e-06	-0.0391090407211	3.66401307404e-06	-0.0764344945269
51.9148186006	3.6429503559e-06	-0.0389933903164	3.64266624739e-06	-0.0762076679498
52.0718982333	3.62178555729e-06	-0.038878414269	3.62150315006e-06	-0.0759821708414
52.2289778659	3.60080242741e-06	-0.038764106763	3.60052170625e-06	-0.0757579916592
52.3860574986	3.57999891912e-06	-0.0386504620485	3.579719869e-06	-0.0755351189925
52.5431371313	3.55937301364e-06	-0.0385374744408	3.55909561972e-06	-0.0753135415608
52.700216764	3.53892272012e-06	-0.0384251383192	3.53864696773e-06	-0.0750932482118
52.8572963966	3.51864607515e-06	-0.0383134481262	3.51837194979e-06	-0.0748742279196
53.0143760293	3.49854114235e-06	-0.0382023983666	3.49826862969e-06	-0.074656469783
53.171455662	3.47860601189e-06	-0.0380919836068	3.47833509777e-06	-0.0744399630238
53.3285352947	3.4588388001e-06	-0.0379821984738	3.45856947051e-06	-0.0742246969849
53.4856149274	3.439237649e-06	-0.0378730376544	3.43896989011e-06	-0.0740106611288
53.64269456	3.41980072595e-06	-0.0377644958944	3.41953452409e-06	-0.0737978450361
53.7997741927	3.40052622317e-06	-0.0376565679977	3.40026156482e-06	-0.0735862384033
53.9568538254	3.38141235741e-06	-0.0375492488255	3.38114922921e-06	-0.0733758310417
54.1139334581	3.36245736949e-06	-0.0374425332959	3.36219575824e-06	-0.0731666128759
54.2710130908	3.34365952399e-06	-0.0373364163826	3.34339941662e-06	-0.0729585739417
54.4280927234	3.3250171088e-06	-0.0372308931143	3.3247584924e-06	-0.0727517043851
54.5851723561	3.30652843479e-06	-0.0371259585743	3.30627129662e-06	-0.0725459944606
54.7422519888	3.28819183546e-06	-0.0370216078992	3.28793616289e-06	-0.0723414345296
54.8993316215	3.27000566652e-06	-0.0369178362787	3.26975144708e-06	-0.0721380150592
55.0564112542	3.25196830561e-06	-0.0368146389546	3.25171552698e-06	-0.0719357266207
55.2134908868	3.23407815192e-06	-0.03671201122	3.23382680189e-06	-0.0717345598881
55.3705705195	3.21633362584e-06	-0.0366099484191	3.21608369237e-06	-0.0715345056366
55.5276501522	3.19873316866e-06	-0.036508445946	3.19848463982e-06	-0.0713355547416
55.6847297849	3.18127524222e-06	-0.0364074992441	3.18102810622e-06	-0.071137698177
55.8418094176	3.1639583286e-06	-0.0363071038059	3.16371257379e-06	-0.0709409270144
55.9988890502	3.1467809298e-06	-0.0362072551718	3.14653654465e-06	-0.0707452324209
56.1559686829	3.12974156743e-06	-0.0361079489299	3.12949854054e-06	-0.0705506056588
56.3130483156	3.11283878242e-06	-0.036009180715	3.11259710252e-06	-0.0703570380837
56.4701279483	3.09607113469e-06	-0.0359109462082	3.09583079063e-06	-0.0701645211437
56.627207581	3.07943720289e-06	-0.0358132411363	3.07919818365e-06	-0.0699730463776
56.7842872136	3.06293558412e-06	-0.0357160612713	3.06269787878e-06	-0.0697826054143
56.9413668463	3.04656489359e-06	-0.0356194024293	3.04632849138e-06	-0.0695931899714
57.098446479	3.03032376442e-06	-0.0355232604708	3.03008865466e-06	-0.069404791854
57.2555261117	3.01421084728e-06	-0.0354276312991	3.01397701942e-06	-0.0692174029534
57.4126057444	2.99822481021e-06	-0.0353325108607	2.99799225382e-06	-0.0690310152463
57.569685377	2.9823643383e-06	-0.035237895144	2.98213304305e-06	-0.0688456207936
57.7267650097	2.96662813345e-06	-0.0351437801794	2.96639808911e-06	-0.0686612117392
57.8838446424	2.9510149141e-06	-0.0350501620382	2.95078611059e-06	-0.0684777803089
58.0409242751	2.93552341501e-06	-0.0349570368323	2.93529584232e-06	-0.0682953188094
58.1980039078	2.92015238699e-06	-0.0348644007139	2.91992603524e-06	-0.0681138196274
58.3550835404	2.90490059667e-06	-0.0347722498745	2.90467545607e-06	-0.0679332752283
58.5121631731	2.88976682626e-06	-0.034680580545	2.88954288712e-06	-0.0677536781556
58.6692428058	2.8747498733e-06	-0.0345893889947	2.87452712606e-06	-0.0675750210294
58.8263224385	2.85984855048e-06	-0.0344986715309	2.85962698565e-06	-0.0673972965458
58.9834020711	2.84506168534e-06	-0.0344084244987	2.84484129355e-06	-0.0672204974756
59.1404817038	2.83038812013e-06	-0.0343186442804	2.8301688921e-06	-0.0670446166638
59.2975613365	2.81582671153e-06	-0.0342293272947	2.81560863809e-06	-0.0668696470283
59.4546409692	2.80137633047e-06	-0.0341404699967	2.80115940253e-06	-0.0666955815591
59.6117206019	2.7870358619e-06	-0.0340520688773	2.78682007048e-06	-0.0665224133174
59.7688002345	2.77280420461e-06	-0.0339641204627	2.77258954081e-06	-0.0663501354347
59.9258798672	2.758680271e-06	-0.0338766213138	2.75846672602e-06	-0.0661787411119
60.0829594999	2.7446629869e-06	-0.0337895680262	2.74445055202e-06	-0.0660082236183
60.2400391326	2.73075129134e-06	-0.0337029572294	2.73053995795e-06	-0.0658385762912
60.3971187653	2.71694413641e-06	-0.0336167855864	2.71673389598e-06	-0.0656697925344
60.5541983979	2.70324048703e-06	-0.0335310497937	2.7030313311e-06	-0.0655018658181
60.7112780306	2.68963932078e-06	-0.0334457465801	2.689431241e-06	-0.0653347896772
60.8683576633	2.6761396277e-06	-0.0333608727073	2.6759326158e-06	-0.0651685577115
61.025437296	2.66274041013e-06	-0.0332764249685	2.66253445793e-06	-0.0650031635841
61.1825169287	2.64944068254e-06	-0.0331924001889	2.64923578192e-06	-0.0648386010209
61.3395965613	2.63623947132e-06	-0.0331087952247	2.63603561427e-06	-0.06467486381
61.496676194	2.62313581464e-06	-0.0330256069628	2.62293299321e-06	-0.0645119458006
61.6537558267	2.61012876225e-06	-0.0329428323208	2.60992696859e-06	-0.0643498409027
61.8108354594	2.59721737537e-06	-0.0328604682462	2.59701660168e-06	-0.0641885430859
61.9679150921	2.58440072645e-06	-0.0327785117164	2.58420096505e-06	-0.0640280463789
62.1249947247	2.5716778991e-06	-0.032696959738	2.57147914235e-06	-0.0638683448687
62.2820743574	2.55904798783e-06	-0.0326158093467	2.55885022818e-06	-0.0637094327001
62.4391539901	2.54651009799e-06	-0.0325350576068	2.54631332797e-06	-0.0635513040748
62.5962336228	2.53406334555e-06	-0.0324547016109	2.53386755776e-06	-0.0633939532506
62.7533132555	2.52170685698e-06	-0.0323747384797	2.5215120441e-06	-0.0632373745412
62.9103928881	2.50943976911e-06	-0.0322951653615	2.50924592388e-06	-0.0630815623149
63.0674725208	2.49726122897e-06	-0.0322159794318	2.4970683442e-06	-0.0629265109946
63.2245521535	2.48517039362e-06	-0.0321371778932	2.48497846221e-06	-0.0627722150564
63.3816317862	2.47316643007e-06	-0.0320587579751	2.47297544498e-06	-0.0626186690298
63.5387114189	2.46124851511e-06	-0.0319807169329	2.46105846936e-06	-0.0624658674965
63.6957910515	2.44941583514e-06	-0.0319030520485	2.44922672183e-06	-0.0623138050898
63.8528706842	2.43766758611e-06	-0.0318257606292	2.43747939841e-06	-0.0621624764942
64.0099503169	2.42600297333e-06	-0.0317488400078	2.42581570446e-06	-0.0620118764449
64.1670299496	2.41442121135e-06	-0.0316722875425	2.41423485461e-06	-0.0618619997267
64.3241095823	2.40292152385e-06	-0.031596100616	2.4027360726e-06	-0.0617128411739
64.4811892149	2.39150314351e-06	-0.0315202766357	2.39131859117e-06	-0.0615643956697
64.6382688476	2.38016531186e-06	-0.0314448130335	2.37998165193e-06	-0.0614166581452
64.7953484803	2.36890727921e-06	-0.0313697072649	2.36872450523e-06	-0.0612696235794
64.952428113	2.35772830447e-06	-0.0312949568094	2.35754641006e-06	-0.0611232869981
65.1095077456	2.34662765507e-06	-0.0312205591699	2.3464466339e-06	-0.0609776434738
65.2665873783	2.33560460685e-06	-0.0311465118724	2.33542445265e-06	-0.060832688125
65.423667011	2.32465844391e-06	-0.0310728124658	2.32447915049e-06	-0.0606884161155
65.5807466437	2.31378845854e-06	-0.0309994585217	2.31361001974e-06	-0.0605448226542
65.7378262764	2.30299395106e-06	-0.0309264476341	2.3028163608e-06	-0.0604019029943
65.894905909	2.29227422978e-06	-0.0308537774192	2.29209748203e-06	-0.0602596524329
66.0519855417	2.28162861082e-06	-0.0307814455148	2.28145269959e-06	-0.0601180663106
66.2090651744	2.27105641804e-06	-0.0307094495807	2.27088133742e-06	-0.0599771400108
66.3661448071	2.26055698293e-06	-0.0306377872977	2.26038272707e-06	-0.0598368689594
66.5232244398	2.25012964454e-06	-0.0305664563682	2.24995620763e-06	-0.0596972486241
66.6803040724	2.23977374931e-06	-0.0304954545151	2.23960112559e-06	-0.0595582745141
66.8373837051	2.22948865104e-06	-0.0304247794821	2.22931683481e-06	-0.0594199421796
66.9944633378	2.21927371074e-06	-0.0303544290334	2.21910269636e-06	-0.0592822472114
67.1515429705	2.20912829658e-06	-0.0302844009535	2.20895807846e-06	-0.0591451852403
67.3086226032	2.19905178375e-06	-0.0302146930465	2.19888235634e-06	-0.0590087519367
67.4657022358	2.1890435544e-06	-0.0301453031367	2.18887491221e-06	-0.05887294301
67.6227818685	2.17910299753e-06	-0.0300762290676	2.17893513513e-06	-0.0587377542086
67.7798615012	2.16922950893e-06	-0.0300074687023	2.16906242091e-06	-0.0586031813191
67.9369411339	2.15942249103e-06	-0.0299390199228	2.15925617206e-06	-0.058469220166
68.0940207666	2.14968135287e-06	-0.0298708806301	2.14951579767e-06	-0.058335866611
68.2511003992	2.14000551001e-06	-0.0298030487438	2.13984071333e-06	-0.0582031165531
68.4081800319	2.1303943844e-06	-0.0297355222021	2.13023034104e-06	-0.0580709659279
68.5652596646	2.12084740433e-06	-0.0296682989613	2.12068410914e-06	-0.057939410707
68.7223392973	2.11136400436e-06	-0.029601376996	2.11120145225e-06	-0.0578084468981
68.87941893	2.1019436252e-06	-0.0295347542985	2.10178181111e-06	-0.057678070544
69.0364985626	2.09258571366e-06	-0.0294684288789	2.09242463259e-06	-0.0575482777228
69.1935781953	2.08328972258e-06	-0.0294023987647	2.08312936955e-06	-0.0574190645471
69.350657828	2.07405511069e-06	-0.0293366620007	2.07389548079e-06	-0.0572904271637
69.5077374607	2.06488134263e-06	-0.0292712166489	2.06472243098e-06	-0.0571623617536
69.6648170934	2.05576788879e-06	-0.0292060607881	2.05560969056e-06	-0.0570348645309
69.821896726	2.04671422527e-06	-0.0291411925139	2.04655673567e-06	-0.0569079317431
69.9789763587	2.03771983381e-06	-0.0290766099386	2.03756304811e-06	-0.0567815596704
70.1360559914	2.02878420173e-06	-0.0290123111907	2.02862811521e-06	-0.0566557446256
70.2931356241	2.01990682181e-06	-0.0289482944149	2.01975142982e-06	-0.0565304829534
70.4502152568	2.01108719229e-06	-0.028884557772	2.01093249019e-06	-0.0564057710302
70.6072948894	2.00232481672e-06	-0.0288210994386	2.00217079995e-06	-0.056281605264
70.7643745221	1.99361920398e-06	-0.0287579176073	1.99346586799e-06	-0.0561579820938
70.9214541548	1.98496986813e-06	-0.0286950104857	1.98481720843e-06	-0.0560348979893
71.0785337875	1.97637632841e-06	-0.0286323762971	1.97622434054e-06	-0.0559123494504
71.2356134201	1.96783810914e-06	-0.0285700132799	1.96768678867e-06	-0.0557903330075
71.3926930528	1.95935473965e-06	-0.0285079196877	1.95920408221e-06	-0.0556688452204
71.5497726855	1.95092575426e-06	-0.0284460937887	1.9507757555e-06	-0.0555478826784
71.7068523182	1.94255069216e-06	-0.028384533866	1.94240134777e-06	-0.0554274420001
71.8639319509	1.93422909739e-06	-0.0283232382172	1.9340804031e-06	-0.0553075198326
72.0210115835	1.92596051876e-06	-0.0282622051543	1.92581247035e-06	-0.055188112852
72.1780912162	1.91774450981e-06	-0.0282014330036	1.91759710308e-06	-0.055069217762
72.3351708489	1.90958062873e-06	-0.0281409201054	1.90943385952e-06	-0.0549508312947
72.4922504816	1.90146843831e-06	-0.0280806648143	1.9013223025e-06	-0.0548329502096
72.6493301143	1.89340750588e-06	-0.0280206654983	1.89326199939e-06	-0.0547155712936
72.8064097469	1.88539740328e-06	-0.0279609205392	1.88525252204e-06	-0.0545986913606
72.9634893796	1.87743770675e-06	-0.0279014283325	1.87729344676e-06	-0.0544823072512
73.1205690123	1.86952799693e-06	-0.0278421872869	1.8693843542e-06	-0.0543664158327
73.277648645	1.86166785878e-06	-0.0277831958244	1.86152482936e-06	-0.0542510139984
73.4347282777	1.85385688153e-06	-0.0277244523801	1.8537144615e-06	-0.0541360986675
73.5918079103	1.84609465862e-06	-0.0276659554022	1.8459528441e-06	-0.0540216667852
73.748887543	1.83838078767e-06	-0.0276077033516	1.83823957482e-06	-0.0539077153217
73.9059671757	1.83071487041e-06	-0.027549694702	1.8305742554e-06	-0.0537942412725
74.0630468084	1.82309651264e-06	-0.0274919279397	1.82295649169e-06	-0.053681241658
74.2201264411	1.81552532416e-06	-0.0274344015633	1.81538589352e-06	-0.0535687135233
74.3772060737	1.80800091878e-06	-0.0273771140839	1.80786207472e-06	-0.0534566539377
74.5342857064	1.80052291417e-06	-0.0273200640247	1.80038465301e-06	-0.0533450599947
74.6913653391	1.79309093193e-06	-0.0272632499211	1.79295325001e-06	-0.0532339288118
74.8484449718	1.78570459745e-06	-0.0272066703202	1.78556749114e-06	-0.0531232575298
75.0055246045	1.77836353991e-06	-0.0271503237814	1.77822700561e-06	-0.0530130433132
75.1626042371	1.77106739224e-06	-0.0270942088752	1.77093142637e-06	-0.0529032833496
75.3196838698	1.76381579102e-06	-0.0270383241843	1.76368039006e-06	-0.0527939748495
75.4767635025	1.75660837653e-06	-0.0269826683024	1.75647353695e-06	-0.0526851150459
75.6338431352	1.7494447926e-06	-0.0269272398349	1.74931051093e-06	-0.0525767011946
75.7909227679	1.74232468666e-06	-0.0268720373982	1.74219095945e-06	-0.0524687305733
75.9480024005	1.73524770963e-06	-0.0268170596201	1.73511453345e-06	-0.052361200482
76.1050820332	1.72821351592e-06	-0.0267623051392	1.72808088738e-06	-0.0522541082422
76.2621616659	1.72122176337e-06	-0.0267077726051	1.7210896791e-06	-0.0521474511972
76.4192412986	1.71427211321e-06	-0.0266534606782	1.71414056987e-06	-0.0520412267116
76.5763209313	1.70736423003e-06	-0.0265993680297	1.70723322431e-06	-0.051935432171
76.7334005639	1.70049778172e-06	-0.0265454933412	1.70036731034e-06	-0.0518300649821
76.8904801966	1.69367243947e-06	-0.0264918353049	1.69354249916e-06	-0.0517251225723
77.0475598293	1.68688787769e-06	-0.0264383926235	1.68675846521e-06	-0.0516206023894
77.204639462	1.68014377397e-06	-0.0263851640097	1.68001488613e-06	-0.0515165019016
77.3617190946	1.67343980911e-06	-0.0263321481867	1.67331144271e-06	-0.0514128185973
77.5187987273	1.66677566698e-06	-0.0262793438876	1.66664781888e-06	-0.0513095499845
77.67587836	1.66015103458e-06	-0.0262267498555	1.66002370165e-06	-0.0512066935913
77.8329579927	1.65356560194e-06	-0.0261743648434	1.65343878107e-06	-0.0511042469652
77.9900376254	1.64701906211e-06	-0.026122187614	1.64689275022e-06	-0.0510022076728
78.147117258	1.64051111112e-06	-0.02607021694	1.64038530516e-06	-0.0509005733001
78.3041968907	1.63404144796e-06	-0.0260184516034	1.63391614489e-06	-0.050799341452
78.4612765234	1.62760977451e-06	-0.0259668903958	1.62748497133e-06	-0.0506985097522
78.6183561561	1.62121579556e-06	-0.0259155321181	1.62109148928e-06	-0.0505980758429
78.7754357888	1.61485921871e-06	-0.0258643755809	1.61473540638e-06	-0.0504980373847
78.9325154214	1.6085397544e-06	-0.0258134196035	1.60841643308e-06	-0.0503983920565
79.0895950541	1.60225711585e-06	-0.0257626630148	1.60213428263e-06	-0.0502991375553
79.2466746868	1.59601101902e-06	-0.0257121046525	1.595888671e-06	-0.0502002715959
79.4037543195	1.58980118258e-06	-0.0256617433633	1.58967931691e-06	-0.0501017919107
79.5608339522	1.58362732792e-06	-0.025611578003	1.58350594174e-06	-0.0500036962499
79.7179135848	1.57748917905e-06	-0.0255616074359	1.57736826955e-06	-0.0499059823809
79.8749932175	1.57138646263e-06	-0.0255118305351	1.571266027e-06	-0.0498086480881
80.0320728502	1.5653189079e-06	-0.0254622461825	1.56519894337e-06	-0.0497116911735
80.1891524829	1.55928624668e-06	-0.0254128532684	1.55916675049e-06	-0.0496151094553
80.3462321156	1.55328821333e-06	-0.0253636506916	1.55316918275e-06	-0.049518900769
80.5033117482	1.54732454471e-06	-0.0253146373592	1.54720597702e-06	-0.0494230629662
80.6603913809	1.54139498017e-06	-0.0252658121868	1.54127687267e-06	-0.0493275939152
80.8174710136	1.5354992615e-06	-0.0252171740981	1.53538161153e-06	-0.0492324915003
80.9745506463	1.52963713293e-06	-0.025168722025	1.52951993784e-06	-0.0491377536222
81.131630279	1.52380834108e-06	-0.0251204549074	1.52369159824e-06	-0.0490433781972
81.2887099116	1.51801263495e-06	-0.0250723716933	1.51789634175e-06	-0.0489493631576
81.4457895443	1.51224976589e-06	-0.0250244713386	1.51213391973e-06	-0.0488557064513
81.602869177	1.50651948755e-06	-0.024976752807	1.50640408586e-06	-0.0487624060416
81.7599488097	1.50082155589e-06	-0.02492921507	1.50070659612e-06	-0.0486694599072
81.9170284424	1.49515572913e-06	-0.0248818571069	1.49504120876e-06	-0.0485768660419
82.074108075	1.48952176774e-06	-0.0248346779045	1.48940768425e-06	-0.0484846224549
82.2311877077	1.48391943441e-06	-0.0247876764573	1.4838057853e-06	-0.0483927271699
82.3882673404	1.47834849401e-06	-0.0247408517671	1.47823527681e-06	-0.0483011782256
82.5453469731	1.47280871359e-06	-0.0246942028433	1.47269592585e-06	-0.0482099736753
82.7024266058	1.46729986235e-06	-0.0246477287025	1.46718750162e-06	-0.0481191115868
82.8595062384	1.4618217116e-06	-0.0246014283688	1.46170977548e-06	-0.0480285900423
83.0165858711	1.45637403476e-06	-0.0245553008734	1.45626252084e-06	-0.0479384071382
83.1736655038	1.45095660733e-06	-0.0245093452546	1.45084551322e-06	-0.0478485609849
83.3307451365	1.44556920684e-06	-0.0244635605579	1.44545853018e-06	-0.047759049707
83.4878247691	1.44021161288e-06	-0.0244179458357	1.44010135133e-06	-0.0476698714429
83.6449044018	1.43488360702e-06	-0.0243725001474	1.43477375825e-06	-0.0475810243446
83.8019840345	1.42958497285e-06	-0.0243272225594	1.42947553455e-06	-0.0474925065777
83.9590636672	1.42431549591e-06	-0.0242821121449	1.42420646577e-06	-0.0474043163214
84.1161432999	1.41907496366e-06	-0.0242371679837	1.41896633942e-06	-0.0473164517681
84.2732229325	1.41386316553e-06	-0.0241923891625	1.41375494492e-06	-0.0472289111236
84.4303025652	1.40867989281e-06	-0.0241477747746	1.40857207359e-06	-0.0471416926067
84.5873821979	1.40352493871e-06	-0.0241033239199	1.40341751865e-06	-0.0470547944492
84.7444618306	1.39839809827e-06	-0.0240590357047	1.39829107516e-06	-0.0469682148957
84.9015414633	1.39329916838e-06	-0.024014909242	1.39319254003e-06	-0.0468819522037
85.0586210959	1.38822794777e-06	-0.0239709436509	1.38812171199e-06	-0.0467960046432
85.2157007286	1.38318423695e-06	-0.0239271380573	1.38307839159e-06	-0.0467103704968
85.3727803613	1.37816783823e-06	-0.0238834915929	1.37806238113e-06	-0.0466250480596
85.529859994	1.37317855566e-06	-0.0238400033961	1.37307348471e-06	-0.0465400356387
85.6869396267	1.36821619508e-06	-0.0237966726111	1.36811150814e-06	-0.0464553315537
85.8440192593	1.363280564e-06	-0.0237534983884	1.363176259e-06	-0.0463709341361
86.001098892	1.3583714717e-06	-0.0237104798846	1.35826754652e-06	-0.0462868417296
86.1581785247	1.35348872909e-06	-0.0236676162624	1.35338518169e-06	-0.0462030526894
86.3152581574	1.3486321488e-06	-0.0236249066902	1.34852897711e-06	-0.0461195653828
86.4723377901	1.34380154509e-06	-0.0235823503426	1.34369874707e-06	-0.0460363781886
86.6294174227	1.33899673386e-06	-0.0235399463998	1.3388943075e-06	-0.045953489497
86.7864970554	1.33421753265e-06	-0.0234976940481	1.33411547592e-06	-0.0458708977101
86.9435766881	1.32946376058e-06	-0.0234555924794	1.3293620715e-06	-0.0457886012409
87.1006563208	1.32473523837e-06	-0.0234136408912	1.32463391494e-06	-0.0457065985138
87.2577359535	1.3200317883e-06	-0.0233718384869	1.31993082857e-06	-0.0456248879644
87.4148155861	1.31535323421e-06	-0.0233301844754	1.31525263622e-06	-0.0455434680394
87.5718952188	1.31069940149e-06	-0.023288678071	1.3105991633e-06	-0.0454623371963
87.7289748515	1.30607011702e-06	-0.0232473184938	1.3059702367e-06	-0.0453814939035
87.8860544842	1.30146520921e-06	-0.0232061049693	1.30136568486e-06	-0.0453009366402
88.0431341169	1.29688450796e-06	-0.0231650367281	1.29678533767e-06	-0.0452206638963
88.2002137495	1.29232784464e-06	-0.0231241130066	1.29222902653e-06	-0.0451406741722
88.3572933822	1.28779505207e-06	-0.0230833330463	1.28769658427e-06	-0.0450609659788
88.5143730149	1.28328596453e-06	-0.023042696094	1.28318784518e-06	-0.0449815378375
88.6714526476	1.27880041771e-06	-0.0230022014018	1.27870264498e-06	-0.0449023882798
88.8285322803	1.27433824875e-06	-0.0229618482269	1.27424082078e-06	-0.0448235158477
88.9856119129	1.26989929615e-06	-0.0229216358316	1.26980221114e-06	-0.0447449190929
89.1426915456	1.26548339982e-06	-0.0228815634835	1.26538665596e-06	-0.0446665965776
89.2997711783	1.26109040103e-06	-0.022841630455	1.26099399652e-06	-0.0445885468737
89.456850811	1.25672014241e-06	-0.0228018360237	1.25662407548e-06	-0.0445107685629
89.6139304436	1.25237246795e-06	-0.0227621794721	1.25227673682e-06	-0.0444332602369
89.7710100763	1.24804722295e-06	-0.0227226600876	1.24795182587e-06	-0.0443560204969
89.928089709	1.24374425403e-06	-0.0226832771626	1.24364918925e-06	-0.0442790479539
90.0851693417	1.23946340911e-06	-0.0226440299941	1.23936867491e-06	-0.0442023412282
90.2422489744	1.23520453742e-06	-0.0226049178842	1.23511013207e-06	-0.0441258989497
90.399328607	1.23096748946e-06	-0.0225659401395	1.23087341124e-06	-0.0440497197578
90.5564082397	1.22675211696e-06	-0.0225270960715	1.2266583642e-06	-0.0439738023008
90.7134878724	1.22255827295e-06	-0.0224883849962	1.22246484395e-06	-0.0438981452366
90.8705675051	1.21838581168e-06	-0.0224498062345	1.21829270477e-06	-0.0438227472321
91.0276471378	1.21423458861e-06	-0.0224113591116	1.21414180212e-06	-0.0437476069631
91.1847267704	1.21010446043e-06	-0.0223730429576	1.21001199273e-06	-0.0436727231146
91.3418064031	1.20599528505e-06	-0.0223348571067	1.20590313448e-06	-0.0435980943804
91.4988860358	1.20190692152e-06	-0.0222968008979	1.20181508646e-06	-0.0435237194632
91.6559656685	1.19783923012e-06	-0.0222588736747	1.19774770895e-06	-0.0434495970743
91.8130453012	1.19379207226e-06	-0.0222210747847	1.19370086338e-06	-0.0433757259338
91.9701249338	1.18976531053e-06	-0.0221834035801	1.18967441234e-06	-0.0433021047705
92.1272045665	1.18575880864e-06	-0.0221458594174	1.18566821957e-06	-0.0432287323215
92.2842841992	1.18177243145e-06	-0.0221084416574	1.18168214991e-06	-0.0431556073325
92.4413638319	1.17780604493e-06	-0.0220711496651	1.17771606937e-06	-0.0430827285576
92.5984434646	1.17385951616e-06	-0.0220339828099	1.17376984503e-06	-0.0430100947592
92.7555230972	1.16993271333e-06	-0.0219969404651	1.16984334508e-06	-0.042937704708
92.9126027299	1.16602550571e-06	-0.0219600220085	1.16593643881e-06	-0.0428655571828
93.0696823626	1.16213776364e-06	-0.0219232268218	1.16204899656e-06	-0.0427936509706
93.2267619953	1.15826935853e-06	-0.0218865542908	1.15818088977e-06	-0.0427219848664
93.383841628	1.15442016285e-06	-0.0218500038055	1.15433199091e-06	-0.0426505576732
93.5409212606	1.15059005012e-06	-0.0218135747598	1.15050217351e-06	-0.0425793682019
93.6980008933	1.14677889488e-06	-0.0217772665516	1.14669131212e-06	-0.0425084152713
93.855080526	1.14298657272e-06	-0.0217410785829	1.14289928233e-06	-0.0424376977079
94.0121601587	1.13921296021e-06	-0.0217050102594	1.13912596074e-06	-0.0423672143461
94.1692397914	1.13545793495e-06	-0.0216690609909	1.13537122495e-06	-0.0422969640278
94.326319424	1.13172137554e-06	-0.0216332301909	1.13163495357e-06	-0.0422269456025
94.4833990567	1.12800316155e-06	-0.0215975172768	1.12791702617e-06	-0.0421571579274
94.6404786894	1.12430317353e-06	-0.0215619216698	1.12421732332e-06	-0.042087599867
94.7975583221	1.12062129301e-06	-0.021526442795	1.12053572655e-06	-0.0420182702932
94.9546379548	1.11695740245e-06	-0.021491080081	1.11687211835e-06	-0.0419491680855
95.1117175874	1.11331138529e-06	-0.0214558329602	1.11322638214e-06	-0.0418802921304
95.2687972201	1.10968312589e-06	-0.0214207008688	1.10959840231e-06	-0.0418116413218
95.4258768528	1.10607250954e-06	-0.0213856832465	1.10598806416e-06	-0.0417432145608
95.5829564855	1.10247942246e-06	-0.0213507795367	1.10239525391e-06	-0.0416750107554
95.7400361181	1.09890375177e-06	-0.0213159891863	1.0988198587e-06	-0.041607028821
95.8971157508	1.09534538552e-06	-0.0212813116458	1.09526176657e-06	-0.0415392676798
96.0541953835	1.09180421263e-06	-0.0212467463694	1.09172086646e-06	-0.041471726261
96.2112750162	1.0882801229e-06	-0.0212122928145	1.08819704819e-06	-0.0414044035005
96.3683546489	1.08477300704e-06	-0.0211779504423	1.08469020245e-06	-0.0413372983414
96.5254342815	1.0812827566e-06	-0.0211437187172	1.08120022082e-06	-0.0412704097333
96.6825139142	1.077809264e-06	-0.0211095971071	1.07772699573e-06	-0.0412037366327
96.8395935469	1.07435242253e-06	-0.0210755850833	1.07427042047e-06	-0.0411372780026
96.9966731796	1.07091212629e-06	-0.0210416821205	1.07083038915e-06	-0.0410710328128
97.1537528123	1.06748827026e-06	-0.0210078876968	1.06740679676e-06	-0.0410050000396
97.3108324449	1.06408075021e-06	-0.0209742012933	1.06399953908e-06	-0.0409391786657
97.4679120776	1.06068946276e-06	-0.0209406223949	1.06060851273e-06	-0.0408735676805
97.6249917103	1.05731430533e-06	-0.0209071504893	1.05723361514e-06	-0.0408081660797
97.782071343	1.05395517615e-06	-0.0208737850676	1.05387474456e-06	-0.0407429728652
97.9391509757	1.05061197424e-06	-0.0208405256242	1.0505318e-06	-0.0406779870455
98.0962306083	1.04728459943e-06	-0.0208073716566	1.04720468131e-06	-0.0406132076352
98.253310241	1.04397295231e-06	-0.0207743226655	1.04389328909e-06	-0.0405486336552
98.4103898737	1.04067693426e-06	-0.0207413781547	1.04059752473e-06	-0.0404842641324
98.5674695064	1.03739644744e-06	-0.0207085376312	1.03731729038e-06	-0.0404200981001
98.7245491391	1.03413139474e-06	-0.0206758006048	1.03405248895e-06	-0.0403561345973
98.8816287717	1.03088167984e-06	-0.0206431665888	1.03080302413e-06	-0.0402923726694
99.0387084044	1.02764720715e-06	-0.0206106350991	1.02756880033e-06	-0.0402288113675
99.1957880371	1.02442788182e-06	-0.0205782056551	1.02434972271e-06	-0.0401654497487
99.3528676698	1.02122360973e-06	-0.0205458777787	1.02114569716e-06	-0.0401022868762
99.5099473025	1.0180342975e-06	-0.0205136509951	1.01795663031e-06	-0.0400393218186
99.6670269351	1.01485985247e-06	-0.0204815248323	1.0147824295e-06	-0.0399765536508
99.8241065678	1.01170018268e-06	-0.0204494988213	1.01162300278e-06	-0.039913981453
99.9811862005	1.0085551969e-06	-0.020417572496	1.00847825892e-06	-0.0398516043113
100.138265833	1.00542480457e-06	-0.020385745393	1.00534810739e-06	-0.0397894213176
100.295345466	1.00230891585e-06	-0.0203540170521	1.00223245834e-06	-0.0397274315691
100.452425099	9.99207441579e-07	-0.0203223870156	9.99131222608e-07	-0.0396656341689
100.609504731	9.96120293279e-07	-0.0202908548288	9.96044311737e-07	-0.0396040282253
100.766584364	9.93047383144e-07	-0.0202594200397	9.92971637926e-07	-0.0395426128524
100.923663997	9.89988624042e-07	-0.0202280821992	9.89913114048e-07	-0.0394813871695
101.080743629	9.86943929504e-07	-0.0201968408608	9.86868653638e-07	-0.0394203503014
101.237823262	9.83913213715e-07	-0.0201656955808	9.83838170891e-07	-0.0393595013783
101.394902895	9.80896391513e-07	-0.0201346459182	9.80821580652e-07	-0.0392988395358
101.551982527	9.77893378382e-07	-0.0201036914348	9.77818798411e-07	-0.0392383639145
101.70906216	9.74904090445e-07	-0.0200728316947	9.74829740296e-07	-0.0391780736604
101.866141793	9.7192844446e-07	-0.0200420662652	9.71854323074e-07	-0.0391179679248
102.023221425	9.68966357811e-07	-0.0200113947157	9.68892464133e-07	-0.0390580458641
102.180301058	9.66017748505e-07	-0.0199808166185	9.65944081489e-07	-0.0389983066397
102.337380691	9.63082535167e-07	-0.0199503315484	9.63009093772e-07	-0.0389387494182
102.494460323	9.60160637031e-07	-0.0199199390829	9.60087420223e-07	-0.0388793733712
102.651539956	9.5725197394e-07	-0.0198896388018	9.5717898069e-07	-0.0388201776753
102.808619589	9.54356466335e-07	-0.0198594302876	9.54283695622e-07	-0.0387611615122
102.965699221	9.51474035252e-07	-0.0198293131254	9.5140148606e-07	-0.0387023240683
103.122778854	9.48604602319e-07	-0.0197992869025	9.48532273638e-07	-0.0386436645351
103.279858487	9.45748089744e-07	-0.0197693512089	9.45675980572e-07	-0.0385851821089
103.436938119	9.42904420319e-07	-0.019739505637	9.42832529658e-07	-0.0385268759907
103.594017752	9.40073517407e-07	-0.0197097497817	9.40001844266e-07	-0.0384687453865
103.751097385	9.37255304941e-07	-0.0196800832401	9.37183848334e-07	-0.0384107895068
103.908177017	9.34449707418e-07	-0.019650505612	9.34378466367e-07	-0.0383530075671
104.06525665	9.31656649894e-07	-0.0196210164993	9.31585623424e-07	-0.0382953987874
104.222336283	9.28876057977e-07	-0.0195916155065	9.28805245122e-07	-0.0382379623923
104.379415916	9.26107857828e-07	-0.0195623022403	9.26037257625e-07	-0.0381806976111
104.536495548	9.23351976149e-07	-0.0195330763098	9.23281587643e-07	-0.0381236036777
104.693575181	9.20608340183e-07	-0.0195039373263	9.20538162424e-07	-0.0380666798305
104.850654814	9.17876877707e-07	-0.0194748849036	9.17806909749e-07	-0.0380099253124
105.007734446	9.15157517028e-07	-0.0194459186576	9.15087757932e-07	-0.0379533393707
105.164814079	9.12450186978e-07	-0.0194170382065	9.12380635812e-07	-0.0378969212575
105.321893712	9.09754816912e-07	-0.0193882431708	9.09685472748e-07	-0.0378406702288
105.478973344	9.07071336698e-07	-0.0193595331732	9.07002198613e-07	-0.0377845855452
105.636052977	9.04399676718e-07	-0.0193309078385	9.04330743795e-07	-0.0377286664719
105.79313261	9.01739767861e-07	-0.019302366794	9.01671039189e-07	-0.037672912278
105.950212242	8.99091541517e-07	-0.0192739096689	8.99023016191e-07	-0.037617322237
106.107291875	8.96454929579e-07	-0.0192455360946	8.96386606696e-07	-0.0375618956269
106.264371508	8.93829864427e-07	-0.0192172457048	8.93761743093e-07	-0.0375066317297
106.42145114	8.91216278937e-07	-0.0191890381351	8.91148358263e-07	-0.0374515298315
106.578530773	8.88614106469e-07	-0.0191609130234	8.88546385568e-07	-0.0373965892228
106.735610406	8.86023280863e-07	-0.0191328700097	8.85955758856e-07	-0.037341809198
106.892690038	8.83443736437e-07	-0.0191049087361	8.83376412451e-07	-0.0372871890558
107.049769671	8.80875407984e-07	-0.0190770288465	8.80808281147e-07	-0.0372327280988
107.206849304	8.78318230762e-07	-0.0190492299873	8.78251300212e-07	-0.0371784256339
107.363928936	8.75772140499e-07	-0.0190215118066	8.75705405375e-07	-0.0371242809716
107.521008569	8.73237073379e-07	-0.0189938739546	8.73170532828e-07	-0.0370702934267
107.678088202	8.70712966048e-07	-0.0189663160837	8.7064661922e-07	-0.037016462318
107.835167834	8.68199755602e-07	-0.0189388378479	8.68133601653e-07	-0.0369627869678
107.992247467	8.65697379587e-07	-0.0189114389037	8.65631417678e-07	-0.0369092667029
108.1493271	8.63205775995e-07	-0.0188841189092	8.6314000529e-07	-0.0368559008534
108.306406733	8.60724883259e-07	-0.0188568775246	8.60659302929e-07	-0.0368026887537
108.463486365	8.5825464025e-07	-0.018829714412	8.5818924947e-07	-0.0367496297416
108.620565998	8.55794986275e-07	-0.0188026292353	8.55729784225e-07	-0.0366967231591
108.777645631	8.53345861069e-07	-0.0187756216606	8.53280846933e-07	-0.0366439683516
108.934725263	8.50907204795e-07	-0.0187486913558	8.50842377763e-07	-0.0365913646685
109.091804896	8.4847895804e-07	-0.0187218379904	8.48414317303e-07	-0.0365389114628
109.248884529	8.46061061808e-07	-0.0186950612363	8.45996606569e-07	-0.036486608091
109.405964161	8.43653457524e-07	-0.0186683607668	8.43589186983e-07	-0.0364344539136
109.563043794	8.4125608702e-07	-0.0186417362572	8.41192000385e-07	-0.0363824482945
109.720123427	8.38868892541e-07	-0.0186151873848	8.38804989024e-07	-0.0363305906012
109.877203059	8.36491816736e-07	-0.0185887138284	8.36428095555e-07	-0.036278880205
110.034282692	8.34124802658e-07	-0.018562315269	8.34061263033e-07	-0.0362273164804
110.191362325	8.31767793758e-07	-0.018535991389	8.31704434914e-07	-0.0361758988058
110.348441957	8.29420733881e-07	-0.0185097418729	8.29357555048e-07	-0.0361246265627
110.50552159	8.27083567266e-07	-0.0184835664068	8.2702056768e-07	-0.0360734991364
110.662601223	8.24756238542e-07	-0.0184574646786	8.2469341744e-07	-0.0360225159156
110.819680855	8.22438692722e-07	-0.0184314363778	8.22376049347e-07	-0.0359716762923
110.976760488	8.20130875201e-07	-0.0184054811961	8.20068408802e-07	-0.035920979662
111.133840121	8.17832731756e-07	-0.0183795988263	8.17770441582e-07	-0.0358704254236
111.290919753	8.15544208539e-07	-0.0183537889634	8.15482093846e-07	-0.0358200129792
111.447999386	8.13265252074e-07	-0.0183280513038	8.13203312123e-07	-0.0357697417345
111.605079019	8.10995809256e-07	-0.0183023855458	8.10934043311e-07	-0.0357196110983
111.762158651	8.08735827347e-07	-0.0182767913893	8.08674234676e-07	-0.0356696204827
111.919238284	8.06485253974e-07	-0.0182512685357	8.06423833848e-07	-0.0356197693032
112.076317917	8.04244037122e-07	-0.0182258166882	8.04182788818e-07	-0.0355700569784
112.233397549	8.02012125137e-07	-0.0182004355518	8.01951047935e-07	-0.0355204829302
112.390477182	7.99789466718e-07	-0.0181751248329	7.99728559902e-07	-0.0354710465837
112.547556815	7.97576010917e-07	-0.0181498842395	7.97515273777e-07	-0.0354217473671
112.704636448	7.95371707136e-07	-0.0181247134813	7.95311138963e-07	-0.0353725847119
112.86171608	7.93176505122e-07	-0.0180996122697	7.93116105212e-07	-0.0353235580526
113.018795713	7.90990354965e-07	-0.0180745803174	7.90930122618e-07	-0.0352746668268
113.175875346	7.88813207098e-07	-0.018049617339	7.88753141618e-07	-0.0352259104753
113.332954978	7.8664501229e-07	-0.0180247230505	7.86585112986e-07	-0.0351772884418
113.490034611	7.84485721646e-07	-0.0179998971694	7.8442598783e-07	-0.0351288001734
113.647114244	7.82335286604e-07	-0.0179751394147	7.82275717589e-07	-0.0350804451197
113.804193876	7.8019365893e-07	-0.0179504495073	7.80134254037e-07	-0.0350322227338
113.961273509	7.78060790718e-07	-0.0179258271692	7.7800154927e-07	-0.0349841324715
114.118353142	7.75936634388e-07	-0.017901272124	7.75877555711e-07	-0.0349361737916
114.275432774	7.73821142678e-07	-0.017876784097	7.73762226103e-07	-0.034888346156
114.432512407	7.7171426865e-07	-0.0178523628148	7.7165551351e-07	-0.0348406490293
114.58959204	7.69615965679e-07	-0.0178280080056	7.69557371313e-07	-0.0347930818792
114.746671672	7.67526187456e-07	-0.017803719399	7.67467753203e-07	-0.0347456441761
114.903751305	7.65444887981e-07	-0.017779496726	7.65386613188e-07	-0.0346983353935
115.060830938	7.63372021567e-07	-0.0177553397192	7.63313905582e-07	-0.0346511550075
115.21791057	7.6130754283e-07	-0.0177312481126	7.61249585005e-07	-0.0346041024972
115.374990203	7.59251406692e-07	-0.0177072216415	7.59193606382e-07	-0.0345571773445
115.532069836	7.57203568376e-07	-0.0176832600427	7.57145924941e-07	-0.034510379034
115.689149468	7.55163983405e-07	-0.0176593630546	7.55106496206e-07	-0.0344637070531
115.846229101	7.53132607597e-07	-0.0176355304167	7.53075276001e-07	-0.034417160892
116.003308734	7.51109397067e-07	-0.01761176187	7.51052220443e-07	-0.0343707400436
116.160388366	7.4909430822e-07	-0.0175880571571	7.49037285941e-07	-0.0343244440034
116.317467999	7.47087297752e-07	-0.0175644160216	7.47030429194e-07	-0.0342782722699
116.474547632	7.45088322647e-07	-0.0175408382087	7.45031607189e-07	-0.034232224344
116.631627265	7.43097340172e-07	-0.017517323465	7.43040777197e-07	-0.0341862997294
116.788706897	7.41114307879e-07	-0.0174938715383	7.41057896774e-07	-0.0341404979324
116.94578653	7.39139183602e-07	-0.0174704821778	7.39082923755e-07	-0.0340948184619
117.102866163	7.37171925448e-07	-0.017447155134	7.37115816253e-07	-0.0340492608294
117.259945795	7.35212491807e-07	-0.0174238901588	7.35156532659e-07	-0.0340038245491
117.417025428	7.33260841339e-07	-0.0174006870054	7.33205031637e-07	-0.0339585091377
117.574105061	7.31316932977e-07	-0.0173775454282	7.31261272124e-07	-0.0339133141144
117.731184693	7.29380725924e-07	-0.017354465183	7.29325213325e-07	-0.0338682390011
117.888264326	7.27452179651e-07	-0.0173314460268	7.27396814716e-07	-0.0338232833221
118.045343959	7.25531253894e-07	-0.017308487718	7.25476036034e-07	-0.0337784466041
118.202423591	7.23617908653e-07	-0.0172855900162	7.23562837283e-07	-0.0337337283767
118.359503224	7.21712104189e-07	-0.0172627526822	7.21657178727e-07	-0.0336891281715
118.516582857	7.19813801023e-07	-0.0172399754781	7.1975902089e-07	-0.0336446455228
118.673662489	7.17922959933e-07	-0.0172172581674	7.17868324553e-07	-0.0336002799673
118.830742122	7.16039541952e-07	-0.0171946005145	7.15985050753e-07	-0.0335560310442
118.987821755	7.14163508368e-07	-0.0171720022854	7.1410916078e-07	-0.033511898295
119.144901387	7.12294820719e-07	-0.0171494632471	7.12240616174e-07	-0.0334678812636
119.30198102	7.10433440792e-07	-0.0171269831679	7.10379378728e-07	-0.0334239794964
119.459060653	7.08579330623e-07	-0.0171045618171	7.08525410478e-07	-0.033380192542
119.616140285	7.06732452493e-07	-0.0170821989656	7.0667867371e-07	-0.0333365199514
119.773219918	7.04892768928e-07	-0.0170598943851	7.04839130951e-07	-0.0332929612781
119.930299551	7.03060242693e-07	-0.0170376478486	7.0300674497e-07	-0.0332495160777
120.087379183	7.01234836795e-07	-0.0170154591305	7.01181478777e-07	-0.0332061839082
120.244458816	6.99416514479e-07	-0.016993328006	6.9936329562e-07	-0.0331629643299
120.401538449	6.97605239225e-07	-0.0169712542517	6.97552158982e-07	-0.0331198569053
120.558618082	6.95800974751e-07	-0.0169492376454	6.95748032582e-07	-0.0330768611992
120.715697714	6.94003685003e-07	-0.0169272779657	6.93950880372e-07	-0.0330339767787
120.872777347	6.92213334161e-07	-0.0169053749928	6.92160666532e-07	-0.032991203213
121.02985698	6.90429886633e-07	-0.0168835285077	6.90377355473e-07	-0.0329485400737
121.186936612	6.88653307055e-07	-0.0168617382926	6.88600911835e-07	-0.0329059869345
121.344016245	6.86883560288e-07	-0.0168400041309	6.86831300482e-07	-0.0328635433712
121.501095878	6.85120611418e-07	-0.016818325807	6.85068486501e-07	-0.0328212089619
121.65817551	6.83364425752e-07	-0.0167967031065	6.83312435202e-07	-0.0327789832868
121.815255143	6.81614968817e-07	-0.016775135816	6.81563112117e-07	-0.0327368659283
121.972334776	6.79872206361e-07	-0.0167536237233	6.79820482994e-07	-0.0326948564709
122.129414408	6.78136104348e-07	-0.0167321666172	6.780845138e-07	-0.0326529545012
122.286494041	6.76406628957e-07	-0.0167107642875	6.76355170718e-07	-0.0326111596079
122.443573674	6.74683746582e-07	-0.0166894165252	6.74632420144e-07	-0.0325694713819
122.600653306	6.72967423828e-07	-0.0166681231223	6.72916228685e-07	-0.032527889416
122.757732939	6.71257627512e-07	-0.016646883872	6.71206563162e-07	-0.0324864133051
122.914812572	6.6955432466e-07	-0.0166256985682	6.69503390601e-07	-0.0324450426464
123.071892204	6.67857482504e-07	-0.0166045670062	6.6780667824e-07	-0.0324037770388
123.228971837	6.66167068484e-07	-0.0165834889822	6.66116393518e-07	-0.0323626160835
123.38605147	6.64483050244e-07	-0.0165624642933	6.64432504084e-07	-0.0323215593834
123.543131102	6.62805395628e-07	-0.0165414927378	6.62754977784e-07	-0.0322806065438
123.700210735	6.61134072686e-07	-0.016520574115	6.61083782669e-07	-0.0322397571716
123.857290368	6.59469049665e-07	-0.0164997082251	6.5941888699e-07	-0.032199010876
124.01437	6.57810295009e-07	-0.0164788948693	6.57760259194e-07	-0.032158367268
124.171449633	6.56157777364e-07	-0.01645813385	6.56107867928e-07	-0.0321178259604
124.328529266	6.54511465566e-07	-0.0164374249704	6.54461682031e-07	-0.0320773865683
124.485608898	6.52871328648e-07	-0.0164167680346	6.52821670538e-07	-0.0320370487085
124.642688531	6.51237335834e-07	-0.016396162848	6.51187802677e-07	-0.0319968119997
124.799768164	6.4960945654e-07	-0.0163756092166	6.49560047864e-07	-0.0319566760626
124.956847797	6.47987660372e-07	-0.0163551069476	6.47938375708e-07	-0.0319166405197
125.113927429	6.46371917122e-07	-0.0163346558492	6.46322756006e-07	-0.0318767049955
125.271007062	6.44762196772e-07	-0.0163142557304	6.44713158739e-07	-0.0318368691162
125.428086695	6.43158469488e-07	-0.0162939064011	6.43109554076e-07	-0.03179713251
125.585166327	6.41560705619e-07	-0.0162736076723	6.41511912369e-07	-0.0317574948069
125.74224596	6.39968875699e-07	-0.0162533593559	6.39920204154e-07	-0.0317179556387
125.899325593	6.38382950441e-07	-0.0162331612647	6.38334400147e-07	-0.0316785146391
126.056405225	6.3680290074e-07	-0.0162130132124	6.36754471244e-07	-0.0316391714435
126.213484858	6.35228697669e-07	-0.0161929150137	6.3518038852e-07	-0.0315999256892
126.370564491	6.33660312477e-07	-0.0161728664841	6.33612123229e-07	-0.0315607770153
126.527644123	6.32097716593e-07	-0.01615286744	6.32049646799e-07	-0.0315217250625
126.684723756	6.30540881616e-07	-0.016132917699	6.30492930834e-07	-0.0314827694735
126.841803389	6.28989779323e-07	-0.0161130170791	6.28941947111e-07	-0.0314439098925
126.998883021	6.2744438166e-07	-0.0160931653997	6.27396667578e-07	-0.0314051459658
127.155962654	6.25904660745e-07	-0.0160733624806	6.25857064357e-07	-0.0313664773411
127.313042287	6.24370588867e-07	-0.0160536081429	6.24323109738e-07	-0.031327903668
127.470121919	6.22842138481e-07	-0.0160339022083	6.22794776178e-07	-0.0312894245977
127.627201552	6.21319282213e-07	-0.0160142444995	6.21272036306e-07	-0.0312510397833
127.784281185	6.19801992852e-07	-0.01599463484	6.19754862912e-07	-0.0312127488793
127.941360817	6.18290243352e-07	-0.0159750730542	6.18243228953e-07	-0.0311745515422
128.09844045	6.16784006832e-07	-0.0159555589673	6.16737107551e-07	-0.0311364474298
128.255520083	6.15283256574e-07	-0.0159360924054	6.15236471988e-07	-0.0310984362021
128.412599715	6.1378796602e-07	-0.0159166731955	6.13741295708e-07	-0.0310605175201
128.569679348	6.12298108772e-07	-0.0158973011653	6.12251552317e-07	-0.031022691047
128.726758981	6.10813658593e-07	-0.0158779761433	6.10767215578e-07	-0.0309849564472
128.883838614	6.093345894e-07	-0.0158586979591	6.09288259412e-07	-0.0309473133872
129.040918246	6.07860875272e-07	-0.0158394664429	6.07814657899e-07	-0.0309097615346
129.197997879	6.06392490439e-07	-0.0158202814257	6.06346385271e-07	-0.0308723005589
129.355077512	6.04929409289e-07	-0.0158011427395	6.04883415917e-07	-0.0308349301312
129.512157144	6.0347160636e-07	-0.0157820502168	6.03425724379e-07	-0.030797649924
129.669236777	6.02019056344e-07	-0.0157630036913	6.0197328535e-07	-0.0307604596116
129.82631641	6.00571734086e-07	-0.0157440029971	6.00526073676e-07	-0.0307233588697
129.983396042	5.99129614578e-07	-0.0157250479694	5.99084064353e-07	-0.0306863473757
130.140475675	5.97692672963e-07	-0.015706138444	5.97647232524e-07	-0.0306494248083
130.297555308	5.96260884531e-07	-0.0156872742576	5.96215553481e-07	-0.030612590848
130.45463494	5.94834224719e-07	-0.0156684552477	5.94789002665e-07	-0.0305758451766
130.611714573	5.93412669111e-07	-0.0156496812523	5.9336755566e-07	-0.0305391874777
130.768794206	5.91996193434e-07	-0.0156309521106	5.91951188195e-07	-0.0305026174362
130.925873838	5.9058477356e-07	-0.0156122676623	5.90539876146e-07	-0.0304661347385
131.082953471	5.89178385505e-07	-0.0155936277478	5.89133595527e-07	-0.0304297390725
131.240033104	5.87777005424e-07	-0.0155750322084	5.87732322498e-07	-0.0303934301277
131.397112736	5.86380609615e-07	-0.0155564808862	5.86336033357e-07	-0.030357207595
131.554192369	5.84989174514e-07	-0.0155379736239	5.84944704543e-07	-0.0303210711667
131.711272002	5.83602676698e-07	-0.015519510265	5.83558312635e-07	-0.0302850205367
131.868351634	5.8222109288e-07	-0.0155010906537	5.82176834346e-07	-0.0302490554002
132.025431267	5.80844399911e-07	-0.0154827146351	5.80800246531e-07	-0.0302131754539
132.1825109	5.79472574777e-07	-0.0154643820548	5.79428526176e-07	-0.0301773803959
132.339590532	5.78105594599e-07	-0.0154460927593	5.78061650405e-07	-0.0301416699258
132.496670165	5.76743436633e-07	-0.0154278465957	5.76699596476e-07	-0.0301060437446
132.653749798	5.75386078267e-07	-0.0154096434119	5.75342341778e-07	-0.0300705015547
132.810829431	5.74033497022e-07	-0.0153914830565	5.73989863833e-07	-0.0300350430598
132.967909063	5.7268567055e-07	-0.0153733653788	5.72642140295e-07	-0.029999667965
133.124988696	5.71342576631e-07	-0.0153552902288	5.71299148948e-07	-0.029964375977
133.282068329	5.70004193179e-07	-0.0153372574572	5.69960867705e-07	-0.0299291668036
133.439147961	5.68670498232e-07	-0.0153192669154	5.68627274607e-07	-0.0298940401542
133.596227594	5.67341469958e-07	-0.0153013184555	5.67298347824e-07	-0.0298589957393
133.753307227	5.66017086652e-07	-0.0152834119303	5.65974065651e-07	-0.0298240332709
133.910386859	5.64697326732e-07	-0.0152655471932	5.6465440651e-07	-0.0297891524625
134.067466492	5.63382168745e-07	-0.0152477240983	5.63339348947e-07	-0.0297543530286
134.224546125	5.62071591359e-07	-0.0152299425006	5.62028871634e-07	-0.0297196346852
134.381625757	5.60765573367e-07	-0.0152122022555	5.60722953363e-07	-0.0296849971496
134.53870539	5.59464093681e-07	-0.0151945032191	5.59421573052e-07	-0.0296504401405
134.695785023	5.5816713134e-07	-0.0151768452483	5.58124709737e-07	-0.0296159633778
134.852864655	5.568746655e-07	-0.0151592282006	5.56832342578e-07	-0.0295815665827
135.009944288	5.55586675437e-07	-0.0151416519342	5.55544450852e-07	-0.0295472494777
135.167023921	5.54303140547e-07	-0.0151241163078	5.54261013957e-07	-0.0295130117865
135.324103553	5.53024040343e-07	-0.0151066211808	5.52982011408e-07	-0.0294788532343
135.481183186	5.51749354458e-07	-0.0150891664135	5.51707422839e-07	-0.0294447735474
135.638262819	5.50479062639e-07	-0.0150717518665	5.50437227997e-07	-0.0294107724533
135.795342451	5.49213144749e-07	-0.0150543774012	5.49171406749e-07	-0.0293768496809
135.952422084	5.47951580767e-07	-0.0150370428796	5.47909939075e-07	-0.0293430049602
136.109501717	5.46694350787e-07	-0.0150197481644	5.4665280507e-07	-0.0293092380226
136.266581349	5.45441435014e-07	-0.0150024931188	5.4539998494e-07	-0.0292755486007
136.423660982	5.44192813768e-07	-0.0149852776068	5.44151459008e-07	-0.0292419364281
136.580740615	5.42948467479e-07	-0.0149681014928	5.42907207704e-07	-0.0292084012398
136.737820247	5.41708376689e-07	-0.014950964642	5.41667211572e-07	-0.0291749427722
136.89489988	5.40472522051e-07	-0.0149338669202	5.40431451267e-07	-0.0291415607625
137.051979513	5.39240884326e-07	-0.0149168081938	5.39199907553e-07	-0.0291082549493
137.209059146	5.38013444387e-07	-0.0148997883295	5.379725613e-07	-0.0290750250725
137.366138778	5.3679018321e-07	-0.0148828071952	5.3674939349e-07	-0.029041870873
137.523218411	5.35571081885e-07	-0.0148658646589	5.35530385211e-07	-0.0290087920929
137.680298044	5.34356121602e-07	-0.0148489605893	5.34315517658e-07	-0.0289757884755
137.837377676	5.33145283662e-07	-0.0148320948559	5.33104772131e-07	-0.0289428597653
137.994457309	5.3193854947e-07	-0.0148152673287	5.31898130035e-07	-0.0289100057079
138.151536942	5.30735900533e-07	-0.014798477878	5.30695572883e-07	-0.0288772260502
138.308616574	5.29537318465e-07	-0.0147817263752	5.29497082286e-07	-0.0288445205399
138.465696207	5.28342784982e-07	-0.0147650126918	5.28302639964e-07	-0.0288118889262
138.62277584	5.27152281901e-07	-0.0147483367001	5.27112227735e-07	-0.0287793309592
138.779855472	5.25965791145e-07	-0.0147316982731	5.25925827522e-07	-0.0287468463903
138.936935105	5.24783294733e-07	-0.014715097284	5.24743421347e-07	-0.0287144349718
139.094014738	5.23604774787e-07	-0.014698533607	5.23564991333e-07	-0.0286820964574
139.25109437	5.22430213529e-07	-0.0146820071165	5.22390519703e-07	-0.0286498306015
139.408174003	5.21259593279e-07	-0.0146655176877	5.21219988779e-07	-0.02861763716
139.565253636	5.20092896457e-07	-0.0146490651963	5.20053380981e-07	-0.0285855158897
139.722333268	5.18930105579e-07	-0.0146326495184	5.18890678827e-07	-0.0285534665484
139.879412901	5.17771203258e-07	-0.0146162705309	5.17731864933e-07	-0.0285214888953
140.036492534	5.16616172205e-07	-0.014599928111	5.16576922009e-07	-0.0284895826903
140.193572166	5.15464995227e-07	-0.0145836221367	5.15425832864e-07	-0.0284577476946
140.350651799	5.14317655224e-07	-0.0145673524864	5.142785804e-07	-0.0284259836704
140.507731432	5.13174135191e-07	-0.014551119039	5.13135147614e-07	-0.0283942903809
140.664811064	5.1203441822e-07	-0.0145349216739	5.11995517597e-07	-0.0283626675904
140.821890697	5.10898487493e-07	-0.0145187602713	5.10859673533e-07	-0.0283311150643
140.97897033	5.09766326286e-07	-0.0145026347117	5.097275987e-07	-0.028299632569
141.136049963	5.08637917966e-07	-0.0144865448761	5.08599276467e-07	-0.0282682198719
141.293129595	5.07513245993e-07	-0.0144704906463	5.07474690294e-07	-0.0282368767414
141.450209228	5.06392293918e-07	-0.0144544719041	5.06353823733e-07	-0.028205602947
141.607288861	5.0527504538e-07	-0.0144384885325	5.05236660425e-07	-0.0281743982592
141.764368493	5.04161484109e-07	-0.0144225404144	5.04123184103e-07	-0.0281432624494
141.921448126	5.03051593926e-07	-0.0144066274336	5.03013378586e-07	-0.0281121952903
142.078527759	5.01945358738e-07	-0.0143907494743	5.01907227783e-07	-0.0280811965552
142.235607391	5.0084276254e-07	-0.0143749064212	5.00804715691e-07	-0.0280502660187
142.392687024	4.99743789415e-07	-0.0143590981593	4.99705826395e-07	-0.0280194034563
142.549766657	4.98648423535e-07	-0.0143433245746	4.98610544067e-07	-0.0279886086443
142.706846289	4.97556649153e-07	-0.0143275855531	4.97518852961e-07	-0.0279578813604
142.863925922	4.96468450613e-07	-0.0143118809816	4.96430737423e-07	-0.0279272213828
143.021005555	4.9538381234e-07	-0.0142962107472	4.9534618188e-07	-0.027896628491
143.178085187	4.94302718847e-07	-0.0142805747376	4.94265170844e-07	-0.0278661024652
143.33516482	4.93225154729e-07	-0.014264972841	4.93187688913e-07	-0.0278356430869
143.492244453	4.92151104665e-07	-0.0142494049461	4.92113720765e-07	-0.0278052501383
143.649324085	4.91080553415e-07	-0.0142338709419	4.91043251165e-07	-0.0277749234025
143.806403718	4.90013485825e-07	-0.0142183707182	4.89976264956e-07	-0.0277446626636
143.963483351	4.8894988682e-07	-0.014202904165	4.88912747068e-07	-0.0277144677069
144.120562983	4.87889741408e-07	-0.0141874711728	4.87852682507e-07	-0.0276843383182
144.277642616	4.86833034677e-07	-0.0141720716328	4.86796056363e-07	-0.0276542742846
144.434722249	4.85779751794e-07	-0.0141567054364	4.85742853805e-07	-0.0276242753938
144.591801881	4.84729878009e-07	-0.0141413724757	4.84693060083e-07	-0.0275943414347
144.748881514	4.83683398648e-07	-0.0141260726431	4.83646660525e-07	-0.0275644721968
144.905961147	4.82640299117e-07	-0.0141108058314	4.82603640539e-07	-0.0275346674709
145.06304078	4.81600564902e-07	-0.0140955719341	4.81563985608e-07	-0.0275049270484
145.220120412	4.80564181562e-07	-0.014080370845	4.80527681298e-07	-0.0274752507216
145.377200045	4.79531134738e-07	-0.0140652024584	4.79494713248e-07	-0.0274456382839
145.534279678	4.78501410146e-07	-0.014050066669	4.78465067175e-07	-0.0274160895294
145.69135931	4.77474993578e-07	-0.0140349633721	4.77438728872e-07	-0.0273866042532
145.848438943	4.76451870902e-07	-0.0140198924632	4.76415684208e-07	-0.0273571822512
146.005518576	4.75432028061e-07	-0.0140048538384	4.75395919128e-07	-0.0273278233201
146.162598208	4.74415451072e-07	-0.0139898473943	4.74379419651e-07	-0.0272985272577
146.319677841	4.73402126029e-07	-0.0139748730278	4.73366171869e-07	-0.0272692938625
146.476757474	4.72392039097e-07	-0.0139599306364	4.72356161951e-07	-0.0272401229338
146.633837106	4.71385176516e-07	-0.0139450201178	4.71349376136e-07	-0.0272110142719
146.790916739	4.70381524598e-07	-0.0139301413705	4.70345800739e-07	-0.0271819676779
146.947996372	4.69381069728e-07	-0.013915294293	4.69345422144e-07	-0.0271529829538
147.105076004	4.68383798362e-07	-0.0139004787845	4.6834822681e-07	-0.0271240599022
147.262155637	4.6738969703e-07	-0.0138856947446	4.67354201266e-07	-0.0270951983269
147.41923527	4.66398752331e-07	-0.0138709420732	4.66363332114e-07	-0.0270663980322
147.576314902	4.65410950934e-07	-0.0138562206709	4.65375606022e-07	-0.0270376588235
147.733394535	4.6442627958e-07	-0.0138415304384	4.64391009734e-07	-0.0270089805068
147.890474168	4.63444725079e-07	-0.0138268712769	4.6340953006e-07	-0.026980362889
148.0475538	4.62466274309e-07	-0.0138122430882	4.6243115388e-07	-0.0269518057779
148.204633433	4.6149091422e-07	-0.0137976457743	4.61455868143e-07	-0.026923308982
148.361713066	4.60518631827e-07	-0.0137830792377	4.60483659867e-07	-0.0268948723107
148.518792698	4.59549414216e-07	-0.0137685433814	4.59514516138e-07	-0.0268664955741
148.675872331	4.58583248538e-07	-0.0137540381086	4.58548424108e-07	-0.0268381785831
148.832951964	4.57620122012e-07	-0.013739563323	4.57585370997e-07	-0.0268099211495
148.990031596	4.56660021926e-07	-0.0137251189288	4.56625344094e-07	-0.0267817230858
149.147111229	4.5570293563e-07	-0.0137107048305	4.55668330751e-07	-0.0267535842054
149.304190862	4.54748850543e-07	-0.013696320933	4.54714318386e-07	-0.0267255043222
149.461270495	4.53797754149e-07	-0.0136819671417	4.53763294486e-07	-0.0266974832513
149.618350127	4.52849633997e-07	-0.0136676433622	4.528152466e-07	-0.0266695208082
149.77542976	4.519044777e-07	-0.0136533495006	4.51870162341e-07	-0.0266416168093
149.932509393	4.50962272936e-07	-0.0136390854635	4.50928029389e-07	-0.0266137710718
150.089589025	4.50023007447e-07	-0.0136248511577	4.49988835487e-07	-0.0265859834137
150.246668658	4.49086669037e-07	-0.0136106464905	4.4905256844e-07	-0.0265582536536
150.403748291	4.48153245574e-07	-0.0135964713695	4.48119216118e-07	-0.0265305816111
150.560827923	4.47222724991e-07	-0.0135823257028	4.47188766452e-07	-0.0265029671062
150.717907556	4.46295095279e-07	-0.0135682093989	4.46261207437e-07	-0.0264754099599
150.874987189	4.45370344494e-07	-0.0135541223664	4.45336527128e-07	-0.026447909994
151.032066821	4.44448460753e-07	-0.0135400645146	4.44414713643e-07	-0.0264204670308
151.189146454	4.43529432234e-07	-0.0135260357531	4.43495755161e-07	-0.0263930808935
151.346226087	4.42613247174e-07	-0.0135120359917	4.42579639921e-07	-0.0263657514059
151.503305719	4.41699893873e-07	-0.0134980651407	4.41666356222e-07	-0.0263384783928
151.660385352	4.40789360691e-07	-0.0134841231108	4.40755892427e-07	-0.0263112616793
151.817464985	4.39881636045e-07	-0.0134702098131	4.39848236953e-07	-0.0262841010916
151.974544617	4.38976708414e-07	-0.0134563251589	4.38943378279e-07	-0.0262569964565
152.13162425	4.38074566334e-07	-0.01344246906	4.38041304945e-07	-0.0262299476013
152.288703883	4.37175198402e-07	-0.0134286414285	4.37142005544e-07	-0.0262029543544
152.445783515	4.36278593271e-07	-0.0134148421769	4.36245468734e-07	-0.0261760165445
152.602863148	4.35384739652e-07	-0.013401071218	4.35351683224e-07	-0.0261491340013
152.759942781	4.34493626315e-07	-0.013387328465	4.34460637788e-07	-0.0261223065551
152.917022413	4.33605242087e-07	-0.0133736138315	4.3357232125e-07	-0.0260955340367
153.074102046	4.32719575849e-07	-0.0133599272313	4.32686722495e-07	-0.0260688162781
153.231181679	4.31836616542e-07	-0.0133462685787	4.31803830464e-07	-0.0260421531113
153.388261312	4.30956353161e-07	-0.0133326377884	4.30923634152e-07	-0.0260155443696
153.545340944	4.30078774759e-07	-0.0133190347752	4.30046122614e-07	-0.0259889898866
153.702420577	4.29203870441e-07	-0.0133054594545	4.29171284955e-07	-0.0259624894967
153.85950021	4.2833162937e-07	-0.0132919117419	4.28299110339e-07	-0.025936043035
154.016579842	4.27462040762e-07	-0.0132783915533	4.27429587983e-07	-0.0259096503372
154.173659475	4.26595093889e-07	-0.0132648988052	4.2656270716e-07	-0.0258833112397
154.330739108	4.25730778077e-07	-0.013251433414	4.25698457197e-07	-0.0258570255797
154.48781874	4.24869082703e-07	-0.0132379952969	4.24836827471e-07	-0.0258307931947
154.644898373	4.24009997202e-07	-0.0132245843712	4.23977807418e-07	-0.0258046139232
154.801978006	4.23153511058e-07	-0.0132112005545	4.23121386524e-07	-0.0257784876042
154.959057638	4.22299613811e-07	-0.0131978437648	4.22267554327e-07	-0.0257524140775
155.116137271	4.21448295051e-07	-0.0131845139204	4.21416300421e-07	-0.0257263931832
155.273216904	4.20599544421e-07	-0.01317121094	4.20567614449e-07	-0.0257004247625
155.430296536	4.19753351617e-07	-0.0131579347426	4.19721486106e-07	-0.0256745086568
155.587376169	4.18909706386e-07	-0.0131446852475	4.18877905141e-07	-0.0256486447085
155.744455802	4.18068598525e-07	-0.0131314623742	4.18036861352e-07	-0.0256228327604
155.901535434	4.17230017883e-07	-0.0131182660429	4.17198344589e-07	-0.025597072656
156.058615067	4.16393954359e-07	-0.0131050961736	4.16362344752e-07	-0.0255713642395
156.2156947	4.15560397905e-07	-0.013091952687	4.15528851792e-07	-0.0255457073556
156.372774332	4.14729338518e-07	-0.013078835504	4.14697855709e-07	-0.0255201018497
156.529853965	4.13900766251e-07	-0.0130657445459	4.13869346554e-07	-0.0254945475678
156.686933598	4.130746712e-07	-0.0130526797341	4.13043314427e-07	-0.0254690443565
156.84401323	4.12251043515e-07	-0.0130396409906	4.12219749477e-07	-0.0254435920631
157.001092863	4.11429873393e-07	-0.0130266282374	4.11398641901e-07	-0.0254181905352
