0.0	-0.0232144101766	-0.0232144101766	-0.017066371995	-0.017066371995	
0.08	-0.0190965567535	-0.0190965567535	-0.015090766877	-0.015090766877	
0.16	-0.0165133126443	-0.0165133126443	-0.0137706963089	-0.0137706963089	
0.24	-0.0148481612457	-0.0148481612457	-0.0128522078726	-0.0128522078726	
0.32	-0.0137390847037	-0.0137390847037	-0.0121852104822	-0.0121852104822	
0.4	-0.0129714621599	-0.0129714621599	-0.0116793039365	-0.0116793039365	
0.48	-0.0124167885839	-0.0124167885839	-0.0112790238213	-0.0112790238213	
0.56	-0.0119973131474	-0.0119973131474	-0.0109497205216	-0.0109497205216	
0.64	-0.0116654646892	-0.0116654646892	-0.0106693619214	-0.0106693619214	
0.72	-0.0113917824354	-0.0113917824354	-0.0104236926389	-0.0104236926389	
0.8	-0.0111577777036	-0.0111577777036	-0.0102033276752	-0.0102033276752	
0.88	-0.0109516766674	-0.0109516766674	-0.0100019795331	-0.0100019795331	
0.96	-0.0107658594745	-0.0107658594745	-0.00981536022975	-0.00981536022975	
1.04	-0.0105953059308	-0.0105953059308	-0.00964049137369	-0.00964049137369	
1.12	-0.0104366431818	-0.0104366431818	-0.00947526460985	-0.00947526460985	
1.2	-0.01028755637	-0.01028755637	-0.00931815782548	-0.00931815782548	
1.28	-0.0101464200114	-0.0101464200114	-0.00916804954855	-0.00916804954855	
1.36	-0.0100120647936	-0.0100120647936	-0.00902409603166	-0.00902409603166	
1.44	-0.00988362824333	-0.00988362824333	-0.00888564884096	-0.00888564884096	
1.52	-0.00976045786325	-0.00976045786325	-0.00875219892481	-0.00875219892481	
1.6	-0.00964204744175	-0.00964204744175	-0.00862333819114	-0.00862333819114	
1.68	-0.00952799457491	-0.00952799457491	-0.0084987327912	-0.0084987327912	
1.76	-0.00941797191437	-0.00941797191437	-0.00837810431631	-0.00837810431631	
1.84	-0.00931170740837	-0.00931170740837	-0.00826121640211	-0.00826121640211	
1.92	-0.0092089705124	-0.0092089705124	-0.00814786506797	-0.00814786506797	
2.0	-0.00910956241555	-0.00910956241555	-0.00803787166444	-0.00803787166444	
2.08	-0.00901330900567	-0.00901330900567	-0.0079310776613	-0.0079310776613	
2.16	-0.00892005572838	-0.00892005572838	-0.00782734074856	-0.00782734074856	
2.24	-0.00882966377381	-0.00882966377381	-0.00772653188418	-0.00772653188418	
2.32	-0.00874200720718	-0.00874200720718	-0.00762853303143	-0.00762853303143	
2.4	-0.00865697077924	-0.00865697077924	-0.00753323540422	-0.00753323540422	
2.48	-0.00857444823297	-0.00857444823297	-0.00744053809033	-0.00744053809033	
2.56	-0.00849434097708	-0.00849434097708	-0.00735034695865	-0.00735034695865	
2.64	-0.00841655703392	-0.00841655703392	-0.00726257378221	-0.00726257378221	
2.72	-0.00834101019514	-0.00834101019514	-0.00717713552652	-0.00717713552652	
2.8	-0.00826761933633	-0.00826761933633	-0.00709395376612	-0.00709395376612	
2.88	-0.00819630785465	-0.00819630785465	-0.00701295420113	-0.00701295420113	
2.96	-0.00812700320252	-0.00812700320252	-0.00693406625293	-0.00693406625293	
3.04	-0.00805963649719	-0.00805963649719	-0.00685722272264	-0.00685722272264	
3.12	-0.00799414219057	-0.00799414219057	-0.00678235950016	-0.00678235950016	
3.2	-0.00793045778767	-0.00793045778767	-0.00670941531407	-0.00670941531407	
3.28	-0.00786852360421	-0.00786852360421	-0.00663833151494	-0.00663833151494	
3.36	-0.00780828255642	-0.00780828255642	-0.00656905188615	-0.00656905188615	
3.44	-0.00774967997711	-0.00774967997711	-0.0065015224775	-0.0065015224775	
3.52	-0.00769266345384	-0.00769266345384	-0.00643569145783	-0.00643569145783	
3.6	-0.0076371826852	-0.0076371826852	-0.00637150898372	-0.00637150898372	
3.68	-0.00758318935263	-0.00758318935263	-0.00630892708176	-0.00630892708176	
3.76	-0.00753063700521	-0.00753063700521	-0.0062478995424	-0.0062478995424	
3.84	-0.00747948095565	-0.00747948095565	-0.00618838182374	-0.00618838182374	
3.92	-0.00742967818576	-0.00742967818576	-0.00613033096394	-0.00613033096394	
4.0	-0.00738118726029	-0.00738118726029	-0.0060737055011	-0.0060737055011	
4.08	-0.00733396824778	-0.00733396824778	-0.00601846539962	-0.00601846539962	
4.16	-0.00728798264788	-0.00728798264788	-0.00596457198239	-0.00596457198239	
4.24	-0.00724319332402	-0.00724319332402	-0.00591198786791	-0.00591198786791	
4.32	-0.00719956444103	-0.00719956444103	-0.00586067691204	-0.00586067691204	
4.4	-0.00715706140709	-0.00715706140709	-0.0058106041537	-0.0058106041537	
4.48	-0.00711565081955	-0.00711565081955	-0.00576173576417	-0.00576173576417	
4.56	-0.00707530041417	-0.00707530041417	-0.00571403899962	-0.00571403899962	
4.64	-0.00703597901753	-0.00703597901753	-0.00566748215658	-0.00566748215658	
4.72	-0.00699765650229	-0.00699765650229	-0.00562203453005	-0.00562203453005	
4.8	-0.00696030374496	-0.00696030374496	-0.00557766637405	-0.00557766637405	
4.88	-0.00692389258602	-0.00692389258602	-0.00553434886431	-0.00553434886431	
4.96	-0.00688839579228	-0.00688839579228	-0.00549205406307	-0.00549205406307	
5.04	-0.0068537870211	-0.0068537870211	-0.0054507548857	-0.0054507548857	
5.12	-0.00682004078646	-0.00682004078646	-0.00541042506898	-0.00541042506898	
5.2	-0.00678713242677	-0.00678713242677	-0.00537103914109	-0.00537103914109	
5.28	-0.00675503807415	-0.00675503807415	-0.00533257239295	-0.00533257239295	
5.36	-0.00672373462524	-0.00672373462524	-0.00529500085098	-0.00529500085098	
5.44	-0.00669319971329	-0.00669319971329	-0.00525830125115	-0.00525830125115	
5.52	-0.00666341168159	-0.00666341168159	-0.00522245101419	-0.00522245101419	
5.6	-0.00663434955799	-0.00663434955799	-0.00518742822191	-0.00518742822191	
5.68	-0.00660599303061	-0.00660599303061	-0.00515321159461	-0.00515321159461	
5.76	-0.00657832242457	-0.00657832242457	-0.00511978046937	-0.00511978046937	
5.84	-0.00655131867965	-0.00655131867965	-0.00508711477939	-0.00508711477939	
5.92	-0.00652496332896	-0.00652496332896	-0.00505519503409	-0.00505519503409	
6.0	-0.00649923847844	-0.00649923847844	-0.00502400230009	-0.00502400230009	
6.08	-0.00647412678718	-0.00647412678718	-0.00499351818293	-0.00499351818293	
6.16	-0.00644961144853	-0.00644961144853	-0.00496372480954	-0.00496372480954	
6.24	-0.006425676172	-0.006425676172	-0.00493460481143	-0.00493460481143	
6.32	-0.00640230516579	-0.00640230516579	-0.00490614130843	-0.00490614130843	
6.4	-0.00637948312008	-0.00637948312008	-0.00487831789321	-0.00487831789321	
6.48	-0.00635719519085	-0.00635719519085	-0.00485111861627	-0.00485111861627	
6.56	-0.00633542698442	-0.00633542698442	-0.00482452797155	-0.00482452797155	
6.64	-0.00631416454252	-0.00631416454252	-0.00479853088256	-0.00479853088256	
6.72	-0.00629339432793	-0.00629339432793	-0.00477311268902	-0.00477311268902	
6.8	-0.00627310321058	-0.00627310321058	-0.00474825913402	-0.00474825913402	
6.88	-0.0062532784543	-0.0062532784543	-0.00472395635158	-0.00472395635158	
6.96	-0.00623390770392	-0.00623390770392	-0.00470019085472	-0.00470019085472	
7.04	-0.00621497897291	-0.00621497897291	-0.00467694952394	-0.00467694952394	
7.12	-0.00619648063143	-0.00619648063143	-0.00465421959607	-0.00465421959607	
7.2	-0.00617840139481	-0.00617840139481	-0.00463198865356	-0.00463198865356	
7.28	-0.00616073031246	-0.00616073031246	-0.00461024461409	-0.00461024461409	
7.36	-0.00614345675716	-0.00614345675716	-0.0045889757206	-0.0045889757206	
7.44	-0.00612657041471	-0.00612657041471	-0.00456817053162	-0.00456817053162	
7.52	-0.00611006127396	-0.00611006127396	-0.0045478179119	-0.0045478179119	
7.6	-0.00609391961718	-0.00609391961718	-0.00452790702345	-0.00452790702345	
7.68	-0.00607813601075	-0.00607813601075	-0.00450842731679	-0.00450842731679	
7.76	-0.00606270129622	-0.00606270129622	-0.00448936852251	-0.00448936852251	
7.84	-0.00604760658159	-0.00604760658159	-0.00447072064316	-0.00447072064316	
7.92	-0.00603284323299	-0.00603284323299	-0.00445247394535	-0.00445247394535	
8.0	-0.00601840286655	-0.00601840286655	-0.00443461895214	-0.00443461895214	
8.08	-0.0060042773406	-0.0060042773406	-0.00441714643565	-0.00441714643565	
8.16	-0.00599045874815	-0.00599045874815	-0.00440004740994	-0.00440004740994	
8.24	-0.00597693940952	-0.00597693940952	-0.0043833131241	-0.0043833131241	
8.32	-0.00596371186538	-0.00596371186538	-0.00436693505558	-0.00436693505558	
8.4	-0.00595076886986	-0.00595076886986	-0.00435090490369	-0.00435090490369	
8.48	-0.00593810338401	-0.00593810338401	-0.00433521458338	-0.00433521458338	
8.56	-0.00592570856939	-0.00592570856939	-0.00431985621911	-0.00431985621911	
8.64	-0.00591357778196	-0.00591357778196	-0.00430482213903	-0.00430482213903	
8.72	-0.00590170456607	-0.00590170456607	-0.00429010486926	-0.00429010486926	
8.8	-0.00589008264875	-0.00589008264875	-0.0042756971284	-0.0042756971284	
8.88	-0.00587870593411	-0.00587870593411	-0.00426159182212	-0.00426159182212	
8.96	-0.00586756849795	-0.00586756849795	-0.00424778203806	-0.00424778203806	
9.04	-0.00585666458257	-0.00585666458257	-0.00423426104076	-0.00423426104076	
9.12	-0.00584598859173	-0.00584598859173	-0.0042210222668	-0.0042210222668	
9.2	-0.00583553508574	-0.00583553508574	-0.00420805932009	-0.00420805932009	
9.28	-0.00582529877677	-0.00582529877677	-0.00419536596729	-0.00419536596729	
9.36	-0.00581527452429	-0.00581527452429	-0.00418293613338	-0.00418293613338	
9.44	-0.00580545733061	-0.00580545733061	-0.00417076389733	-0.00417076389733	
9.52	-0.00579584233665	-0.00579584233665	-0.00415884348797	-0.00415884348797	
9.6	-0.00578642481779	-0.00578642481779	-0.00414716927988	-0.00414716927988	
9.68	-0.00577720017983	-0.00577720017983	-0.00413573578953	-0.00413573578953	
9.76	-0.00576816395515	-0.00576816395515	-0.00412453767142	-0.00412453767142	
9.84	-0.00575931179896	-0.00575931179896	-0.00411356971437	-0.00411356971437	
9.92	-0.00575063948564	-0.00575063948564	-0.004102826838	-0.004102826838	
10.0	-0.00574214290522	-0.00574214290522	-0.00409230408916	-0.00409230408916	
10.08	-0.00573381806001	-0.00573381806001	-0.0040819966386	-0.0040819966386	
10.16	-0.00572566106126	-0.00572566106126	-0.00407189977768	-0.00407189977768	
10.24	-0.00571766812601	-0.00571766812601	-0.00406200891516	-0.00406200891516	
10.32	-0.00570983557394	-0.00570983557394	-0.00405231957414	-0.00405231957414	
10.4	-0.00570215982443	-0.00570215982443	-0.004042827389	-0.004042827389	
10.48	-0.00569463739363	-0.00569463739363	-0.00403352810255	-0.00403352810255	
10.56	-0.00568726489166	-0.00568726489166	-0.00402441756315	-0.00402441756315	
10.64	-0.00568003901988	-0.00568003901988	-0.00401549172194	-0.00401549172194	
10.72	-0.00567295656827	-0.00567295656827	-0.00400674663024	-0.00400674663024	
10.8	-0.00566601441286	-0.00566601441286	-0.00399817843686	-0.00399817843686	
10.88	-0.00565920951326	-0.00565920951326	-0.00398978338564	-0.00398978338564	
10.96	-0.00565253891028	-0.00565253891028	-0.00398155781298	-0.00398155781298	
11.04	-0.00564599972357	-0.00564599972357	-0.00397349814544	-0.00397349814544	
11.12	-0.00563958914941	-0.00563958914941	-0.00396560089746	-0.00396560089746	
11.2	-0.00563330445853	-0.00563330445853	-0.00395786266907	-0.00395786266907	
11.28	-0.00562714299396	-0.00562714299396	-0.00395028014373	-0.00395028014373	
11.36	-0.00562110216901	-0.00562110216901	-0.00394285008619	-0.00394285008619	
11.44	-0.00561517946529	-0.00561517946529	-0.00393556934045	-0.00393556934045	
11.52	-0.00560937243077	-0.00560937243077	-0.00392843482772	-0.00392843482772	
11.6	-0.00560367867796	-0.00560367867796	-0.00392144354448	-0.00392144354448	
11.68	-0.00559809588202	-0.00559809588202	-0.00391459256057	-0.00391459256057	
11.76	-0.00559262177911	-0.00559262177911	-0.00390787901739	-0.00390787901739	
11.84	-0.00558725416461	-0.00558725416461	-0.00390130012606	-0.00390130012606	
11.92	-0.00558199089154	-0.00558199089154	-0.00389485316568	-0.00389485316568	
12.0	-0.00557682986893	-0.00557682986893	-0.00388853548166	-0.00388853548166	
12.08	-0.00557176906026	-0.00557176906026	-0.00388234448405	-0.00388234448405	
12.16	-0.00556680648202	-0.00556680648202	-0.00387627764595	-0.00387627764595	
12.24	-0.00556194020221	-0.00556194020221	-0.00387033250193	-0.00387033250193	
12.32	-0.00555716833893	-0.00555716833893	-0.00386450664653	-0.00386450664653	
12.4	-0.00555248905904	-0.00555248905904	-0.0038587977328	-0.0038587977328	
12.48	-0.00554790057684	-0.00554790057684	-0.00385320347083	-0.00385320347083	
12.56	-0.00554340115277	-0.00554340115277	-0.00384772162636	-0.00384772162636	
12.64	-0.00553898909214	-0.00553898909214	-0.00384235001947	-0.00384235001947	
12.72	-0.00553466274399	-0.00553466274399	-0.00383708652319	-0.00383708652319	
12.8	-0.00553042049986	-0.00553042049986	-0.00383192906226	-0.00383192906226	
12.88	-0.00552626079269	-0.00552626079269	-0.00382687561189	-0.00382687561189	
12.96	-0.00552218209572	-0.00552218209572	-0.0038219241965	-0.0038219241965	
13.04	-0.00551818292137	-0.00551818292137	-0.00381707288857	-0.00381707288857	
13.12	-0.00551426182029	-0.00551426182029	-0.0038123198075	-0.0038123198075	
13.2	-0.0055104173803	-0.0055104173803	-0.00380766311844	-0.00380766311844	
13.28	-0.00550664822542	-0.00550664822542	-0.00380310103127	-0.00380310103127	
13.36	-0.00550295301495	-0.00550295301495	-0.00379863179948	-0.00379863179948	
13.44	-0.00549933044252	-0.00549933044252	-0.0037942537192	-0.0037942537192	
13.52	-0.00549577923527	-0.00549577923527	-0.00378996512812	-0.00378996512812	
13.6	-0.00549229815288	-0.00549229815288	-0.00378576440458	-0.00378576440458	
13.68	-0.00548888598685	-0.00548888598685	-0.00378164996661	-0.00378164996661	
13.76	-0.00548554155961	-0.00548554155961	-0.00377762027099	-0.00377762027099	
13.84	-0.00548226372376	-0.00548226372376	-0.00377367381233	-0.00377367381233	
13.92	-0.00547905136133	-0.00547905136133	-0.00376980912227	-0.00376980912227	
14.0	-0.00547590338299	-0.00547590338299	-0.00376602476854	-0.00376602476854	
14.08	-0.00547281872741	-0.00547281872741	-0.00376231935421	-0.00376231935421	
14.16	-0.00546979636046	-0.00546979636046	-0.00375869151684	-0.00375869151684	
14.24	-0.00546683527465	-0.00546683527465	-0.0037551399277	-0.0037551399277	
14.32	-0.00546393448837	-0.00546393448837	-0.00375166329102	-0.00375166329102	
14.4	-0.00546109304535	-0.00546109304535	-0.00374826034326	-0.00374826034326	
14.48	-0.00545831001397	-0.00545831001397	-0.00374492985236	-0.00374492985236	
14.56	-0.0054555844867	-0.0054555844867	-0.00374167061706	-0.00374167061706	
14.64	-0.00545291557952	-0.00545291557952	-0.00373848146621	-0.00373848146621	
14.72	-0.00545030243135	-0.00545030243135	-0.00373536125812	-0.00373536125812	
14.8	-0.00544774420352	-0.00544774420352	-0.00373230887989	-0.00373230887989	
14.88	-0.00544524007921	-0.00544524007921	-0.0037293232468	-0.0037293232468	
14.96	-0.00544278926298	-0.00544278926298	-0.0037264033017	-0.0037264033017	
15.04	-0.00544039098023	-0.00544039098023	-0.00372354801441	-0.00372354801441	
15.12	-0.00543804447678	-0.00543804447678	-0.00372075638115	-0.00372075638115	
15.2	-0.00543574901832	-0.00543574901832	-0.00371802742397	-0.00371802742397	
15.28	-0.00543350389003	-0.00543350389003	-0.00371536019021	-0.00371536019021	
15.36	-0.00543130839612	-0.00543130839612	-0.00371275375197	-0.00371275375197	
15.44	-0.00542916185938	-0.00542916185938	-0.0037102072056	-0.0037102072056	
15.52	-0.0054270636208	-0.0054270636208	-0.00370771967118	-0.00370771967118	
15.6	-0.00542501303916	-0.00542501303916	-0.00370529029208	-0.00370529029208	
15.68	-0.00542300949063	-0.00542300949063	-0.00370291823441	-0.00370291823441	
15.76	-0.00542105236841	-0.00542105236841	-0.00370060268664	-0.00370060268664	
15.84	-0.00541914108238	-0.00541914108238	-0.00369834285909	-0.00369834285909	
15.92	-0.0054172750587	-0.0054172750587	-0.00369613798356	-0.00369613798356	
16.0	-0.00541545373954	-0.00541545373954	-0.00369398731284	-0.00369398731284	
16.08	-0.00541367658268	-0.00541367658268	-0.00369189012037	-0.00369189012037	
16.16	-0.00541194306123	-0.00541194306123	-0.00368984569978	-0.00368984569978	
16.24	-0.00541025266331	-0.00541025266331	-0.00368785336456	-0.00368785336456	
16.32	-0.00540860489177	-0.00540860489177	-0.00368591244764	-0.00368591244764	
16.4	-0.00540699926386	-0.00540699926386	-0.00368402230107	-0.00368402230107	
16.48	-0.00540543531098	-0.00540543531098	-0.00368218229563	-0.00368218229563	
16.56	-0.00540391257841	-0.00540391257841	-0.00368039182053	-0.00368039182053	
16.64	-0.00540243062502	-0.00540243062502	-0.00367865028304	-0.00367865028304	
16.72	-0.00540098902306	-0.00540098902306	-0.00367695710821	-0.00367695710821	
16.8	-0.00539958735787	-0.00539958735787	-0.00367531173852	-0.00367531173852	
16.88	-0.00539822522767	-0.00539822522767	-0.00367371363361	-0.00367371363361	
16.96	-0.00539690224334	-0.00539690224334	-0.00367216226997	-0.00367216226997	
17.04	-0.00539561802817	-0.00539561802817	-0.0036706571407	-0.0036706571407	
17.12	-0.00539437221765	-0.00539437221765	-0.00366919775516	-0.00366919775516	
17.2	-0.00539316445931	-0.00539316445931	-0.0036677836388	-0.0036677836388	
17.28	-0.00539199441247	-0.00539199441247	-0.00366641433284	-0.00366641433284	
17.36	-0.00539086174806	-0.00539086174806	-0.00366508939406	-0.00366508939406	
17.44	-0.00538976614846	-0.00538976614846	-0.00366380839454	-0.00366380839454	
17.52	-0.0053887073073	-0.0053887073073	-0.00366257092147	-0.00366257092147	
17.6	-0.00538768492929	-0.00538768492929	-0.00366137657687	-0.00366137657687	
17.68	-0.00538669873008	-0.00538669873008	-0.00366022497745	-0.00366022497745	
17.76	-0.00538574843608	-0.00538574843608	-0.00365911575435	-0.00365911575435	
17.84	-0.00538483378431	-0.00538483378431	-0.00365804855298	-0.00365804855298	
17.92	-0.00538395452226	-0.00538395452226	-0.00365702303281	-0.00365702303281	
18.0	-0.00538311040777	-0.00538311040777	-0.00365603886722	-0.00365603886722	
18.08	-0.00538230120887	-0.00538230120887	-0.00365509574327	-0.00365509574327	
18.16	-0.00538152670366	-0.00538152670366	-0.00365419336161	-0.00365419336161	
18.24	-0.00538078668019	-0.00538078668019	-0.00365333143628	-0.00365333143628	
18.32	-0.00538008093637	-0.00538008093637	-0.00365250969454	-0.00365250969454	
18.4	-0.00537940927982	-0.00537940927982	-0.00365172787679	-0.00365172787679	
18.48	-0.00537877152778	-0.00537877152778	-0.00365098573636	-0.00365098573636	
18.56	-0.00537816750704	-0.00537816750704	-0.00365028303943	-0.00365028303943	
18.64	-0.00537759705379	-0.00537759705379	-0.00364961956492	-0.00364961956492	
18.72	-0.0053770600136	-0.0053770600136	-0.0036489951043	-0.0036489951043	
18.8	-0.00537655624127	-0.00537655624127	-0.00364840946156	-0.00364840946156	
18.88	-0.00537608560079	-0.00537608560079	-0.00364786245308	-0.00364786245308	
18.96	-0.00537564796529	-0.00537564796529	-0.00364735390752	-0.00364735390752	
19.04	-0.00537524321689	-0.00537524321689	-0.00364688366574	-0.00364688366574	
19.12	-0.00537487124674	-0.00537487124674	-0.00364645158071	-0.00364645158071	
19.2	-0.00537453195489	-0.00537453195489	-0.00364605751748	-0.00364605751748	
19.28	-0.00537422525025	-0.00537422525025	-0.00364570135301	-0.00364570135301	
19.36	-0.00537395105056	-0.00537395105056	-0.00364538297623	-0.00364538297623	
19.44	-0.00537370928233	-0.00537370928233	-0.00364510228788	-0.00364510228788	
19.52	-0.00537349988083	-0.00537349988083	-0.0036448592005	-0.0036448592005	
19.6	-0.00537332278999	-0.00537332278999	-0.0036446536384	-0.0036446536384	
19.68	-0.00537317796246	-0.00537317796246	-0.00364448553759	-0.00364448553759	
19.76	-0.00537306535949	-0.00537306535949	-0.00364435484577	-0.00364435484577	
19.84	-0.005372984951	-0.005372984951	-0.00364426152227	-0.00364426152227	
19.92	-0.0053729367155	-0.0053729367155	-0.00364420553807	-0.00364420553807	
20.0	-0.0053729206401	-0.0053729206401	-0.00364418687576	-0.00364418687576	
20.08	-0.0053729367205	-0.0053729367205	-0.00364420552954	-0.00364420552954	
20.16	-0.005372984961	-0.005372984961	-0.00364426150521	-0.00364426150521	
20.24	-0.00537306537449	-0.00537306537449	-0.00364435482018	-0.00364435482018	
20.32	-0.00537317798245	-0.00537317798245	-0.00364448550347	-0.00364448550347	
20.4	-0.005373322815	-0.005373322815	-0.00364465359574	-0.00364465359574	
20.48	-0.00537349991085	-0.00537349991085	-0.0036448591493	-0.0036448591493	
20.56	-0.00537370931737	-0.00537370931737	-0.00364510222813	-0.00364510222813	
20.64	-0.00537395109063	-0.00537395109063	-0.00364538290792	-0.00364538290792	
20.72	-0.00537422529535	-0.00537422529535	-0.00364570127614	-0.00364570127614	
20.8	-0.00537453200504	-0.00537453200504	-0.00364605743203	-0.00364605743203	
20.88	-0.00537487130196	-0.00537487130196	-0.00364645148669	-0.00364645148669	
20.96	-0.00537524327718	-0.00537524327718	-0.00364688356312	-0.00364688356312	
21.04	-0.00537564803066	-0.00537564803066	-0.0036473537963	-0.0036473537963	
21.12	-0.00537608567126	-0.00537608567126	-0.00364786233325	-0.00364786233325	
21.2	-0.00537655631685	-0.00537655631685	-0.0036484093331	-0.0036484093331	
21.28	-0.00537706009431	-0.00537706009431	-0.00364899496718	-0.00364899496718	
21.36	-0.00537759713966	-0.00537759713966	-0.00364961941914	-0.00364961941914	
21.44	-0.00537816759807	-0.00537816759807	-0.00365028288498	-0.00365028288498	
21.52	-0.005378771624	-0.005378771624	-0.00365098557321	-0.00365098557321	
21.6	-0.00537940938125	-0.00537940938125	-0.00365172770492	-0.00365172770492	
21.68	-0.00538008104303	-0.00538008104303	-0.00365250951394	-0.00365250951394	
21.76	-0.0053807867921	-0.0053807867921	-0.00365333124692	-0.00365333124692	
21.84	-0.00538152682084	-0.00538152682084	-0.00365419316348	-0.00365419316348	
21.92	-0.00538230133135	-0.00538230133135	-0.00365509553634	-0.00365509553634	
22.0	-0.00538311053558	-0.00538311053558	-0.00365603865146	-0.00365603865146	
22.08	-0.00538395465542	-0.00538395465542	-0.00365702280821	-0.00365702280821	
22.16	-0.00538483392284	-0.00538483392284	-0.0036580483195	-0.0036580483195	
22.24	-0.00538574858001	-0.00538574858001	-0.00365911551197	-0.00365911551197	
22.32	-0.00538669887945	-0.00538669887945	-0.00366022472613	-0.00366022472613	
22.4	-0.00538768508412	-0.00538768508412	-0.00366137631659	-0.00366137631659	
22.48	-0.00538870746762	-0.00538870746762	-0.0036625706522	-0.0036625706522	
22.56	-0.0053897663143	-0.0053897663143	-0.00366380811625	-0.00366380811625	
22.64	-0.00539086191946	-0.00539086191946	-0.00366508910671	-0.00366508910671	
22.72	-0.00539199458945	-0.00539199458945	-0.0036664140364	-0.0036664140364	
22.8	-0.0053931646419	-0.0053931646419	-0.00366778333323	-0.00366778333323	
22.88	-0.00539437240589	-0.00539437240589	-0.00366919744043	-0.00366919744043	
22.96	-0.00539561822208	-0.00539561822208	-0.00367065681676	-0.00367065681676	
23.04	-0.00539690244297	-0.00539690244297	-0.0036721619368	-0.0036721619368	
23.12	-0.00539822543305	-0.00539822543305	-0.00367371329116	-0.00367371329116	
23.2	-0.00539958756902	-0.00539958756902	-0.00367531138675	-0.00367531138675	
23.28	-0.00540098924002	-0.00540098924002	-0.00367695674707	-0.00367695674707	
23.36	-0.00540243084783	-0.00540243084783	-0.0036786499125	-0.0036786499125	
23.44	-0.0054039128071	-0.0054039128071	-0.00368039144053	-0.00368039144053	
23.52	-0.00540543554559	-0.00540543554559	-0.00368218190613	-0.00368218190613	
23.6	-0.00540699950441	-0.00540699950441	-0.00368402190201	-0.00368402190201	
23.68	-0.0054086051383	-0.0054086051383	-0.00368591203899	-0.00368591203899	
23.76	-0.00541025291586	-0.00541025291586	-0.00368785294626	-0.00368785294626	
23.84	-0.00541194331982	-0.00541194331982	-0.00368984527179	-0.00368984527179	
23.92	-0.00541367684735	-0.00541367684735	-0.00369188968262	-0.00369188968262	
24.0	-0.00541545401033	-0.00541545401033	-0.00369398686529	-0.00369398686529	
24.08	-0.00541727533563	-0.00541727533563	-0.00369613752613	-0.00369613752613	
24.16	-0.00541914136548	-0.00541914136548	-0.00369834239174	-0.00369834239174	
24.24	-0.00542105265772	-0.00542105265772	-0.00370060220931	-0.00370060220931	
24.32	-0.00542300978618	-0.00542300978618	-0.00370291774704	-0.00370291774704	
24.4	-0.00542501334097	-0.00542501334097	-0.0037052897946	-0.0037052897946	
24.48	-0.00542706392891	-0.00542706392891	-0.00370771916353	-0.00370771916353	
24.56	-0.00542916217381	-0.00542916217381	-0.00371020668771	-0.00371020668771	
24.64	-0.00543130871689	-0.00543130871689	-0.00371275322378	-0.00371275322378	
24.72	-0.00543350421717	-0.00543350421717	-0.00371535965165	-0.00371535965165	
24.8	-0.00543574935185	-0.00543574935185	-0.00371802687497	-0.00371802687497	
24.88	-0.00543804481672	-0.00543804481672	-0.00372075582163	-0.00372075582163	
24.96	-0.0054403913266	-0.0054403913266	-0.00372354744431	-0.00372354744431	
25.04	-0.0054427896158	-0.0054427896158	-0.00372640272093	-0.00372640272093	
25.12	-0.00544524043849	-0.00544524043849	-0.00372932265529	-0.00372932265529	
25.2	-0.00544774456928	-0.00544774456928	-0.00373230827756	-0.00373230827756	
25.28	-0.0054503028036	-0.0054503028036	-0.00373536064489	-0.00373536064489	
25.36	-0.00545291595826	-0.00545291595826	-0.00373848084199	-0.00373848084199	
25.44	-0.00545558487194	-0.00545558487194	-0.00374166998177	-0.00374166998177	
25.52	-0.00545831040571	-0.00545831040571	-0.00374492920591	-0.00374492920591	
25.6	-0.0054610934436	-0.0054610934436	-0.00374825968556	-0.00374825968556	
25.68	-0.00546393489313	-0.00546393489313	-0.00375166262199	-0.00375166262199	
25.76	-0.00546683568589	-0.00546683568589	-0.00375513924723	-0.00375513924723	
25.84	-0.00546979677819	-0.00546979677819	-0.00375869082485	-0.00375869082485	
25.92	-0.00547281915161	-0.00547281915161	-0.0037623186506	-0.0037623186506	
26.0	-0.00547590381365	-0.00547590381365	-0.0037660240532	-0.0037660240532	
26.08	-0.00547905179841	-0.00547905179841	-0.0037698083951	-0.0037698083951	
26.16	-0.00548226416724	-0.00548226416724	-0.00377367307324	-0.00377367307324	
26.24	-0.00548554200946	-0.00548554200946	-0.00377761951985	-0.00377761951985	
26.32	-0.00548888644304	-0.00548888644304	-0.00378164920334	-0.00378164920334	
26.4	-0.00549229861537	-0.00549229861537	-0.00378576362905	-0.00378576362905	
26.48	-0.005495779704	-0.005495779704	-0.00378996434021	-0.00378996434021	
26.56	-0.00549933091745	-0.00549933091745	-0.0037942529188	-0.0037942529188	
26.64	-0.005502953496	-0.005502953496	-0.00379863098648	-0.00379863098648	
26.72	-0.00550664871255	-0.00550664871255	-0.00380310020554	-0.00380310020554	
26.8	-0.00551041787342	-0.00551041787342	-0.00380766227986	-0.00380766227986	
26.88	-0.00551426231934	-0.00551426231934	-0.00381231895594	-0.00381231895594	
26.96	-0.00551818342625	-0.00551818342625	-0.00381707202391	-0.00381707202391	
27.04	-0.00552218260633	-0.00552218260633	-0.00382192331859	-0.00382192331859	
27.12	-0.00552626130895	-0.00552626130895	-0.00382687472061	-0.00382687472061	
27.2	-0.00553042102164	-0.00553042102164	-0.00383192815746	-0.00383192815746	
27.28	-0.00553466327117	-0.00553466327117	-0.00383708560473	-0.00383708560473	
27.36	-0.00553898962461	-0.00553898962461	-0.00384234908721	-0.00384234908721	
27.44	-0.00554340169038	-0.00554340169038	-0.00384772068015	-0.00384772068015	
27.52	-0.00554790111945	-0.00554790111945	-0.00385320251052	-0.00385320251052	
27.6	-0.00555248960648	-0.00555248960648	-0.00385879675824	-0.00385879675824	
27.68	-0.00555716889103	-0.00555716889103	-0.00386450565756	-0.00386450565756	
27.76	-0.0055619407588	-0.0055619407588	-0.00387033149838	-0.00387033149838	
27.84	-0.00556680704291	-0.00556680704291	-0.00387627662766	-0.00387627662766	
27.92	-0.00557176962524	-0.00557176962524	-0.00388234345086	-0.00388234345086	
28.0	-0.00557683043777	-0.00557683043777	-0.00388853443339	-0.00388853443339	
28.08	-0.00558199146402	-0.00558199146402	-0.00389485210215	-0.00389485210215	
28.16	-0.00558725474049	-0.00558725474049	-0.0039012990471	-0.0039012990471	
28.24	-0.00559262235811	-0.00559262235811	-0.00390787792281	-0.00390787792281	
28.32	-0.00559809646389	-0.00559809646389	-0.00391459145019	-0.00391459145019	
28.4	-0.00560367926239	-0.00560367926239	-0.0039214424181	-0.0039214424181	
28.48	-0.00560937301746	-0.00560937301746	-0.00392843368515	-0.00392843368515	
28.56	-0.00561518005391	-0.00561518005391	-0.00393556818149	-0.00393556818149	
28.64	-0.00562110275921	-0.00562110275921	-0.00394284891063	-0.00394284891063	
28.72	-0.00562714358539	-0.00562714358539	-0.00395027895136	-0.00395027895136	
28.8	-0.00563330505081	-0.00563330505081	-0.00395786145968	-0.00395786145968	
28.88	-0.00563958974214	-0.00563958974214	-0.00396559967083	-0.00396559967083	
28.96	-0.00564600031631	-0.00564600031631	-0.00397349690136	-0.00397349690136	
29.04	-0.0056525395026	-0.0056525395026	-0.0039815565512	-0.0039815565512	
29.12	-0.00565921010469	-0.00565921010469	-0.00398978210595	-0.00398978210595	
29.2	-0.0056660150029	-0.0056660150029	-0.00399817713901	-0.00399817713901	
29.28	-0.00567295715641	-0.00567295715641	-0.00400674531399	-0.00400674531399	
29.36	-0.00568003960558	-0.00568003960558	-0.00401549038704	-0.00401549038704	
29.44	-0.00568726547435	-0.00568726547435	-0.00402441620934	-0.00402441620934	
29.52	-0.00569463797271	-0.00569463797271	-0.00403352672958	-0.00403352672958	
29.6	-0.00570216039928	-0.00570216039928	-0.0040428259966	-0.0040428259966	
29.68	-0.0057098361439	-0.0057098361439	-0.00405231816203	-0.00405231816203	
29.76	-0.0057176686904	-0.0057176686904	-0.00406200748308	-0.00406200748308	
29.84	-0.00572566161937	-0.00572566161937	-0.00407189832533	-0.00407189832533	
29.92	-0.00573381861108	-0.00573381861108	-0.0040819951657	-0.0040819951657	
30.0	-0.00574214344846	-0.00574214344846	-0.00409230259541	-0.00409230259541	
30.08	-0.00575064002023	-0.00575064002023	-0.00410282532309	-0.00410282532309	
30.16	-0.00575931232405	-0.00575931232405	-0.00411356817801	-0.00411356817801	
30.24	-0.00576816446983	-0.00576816446983	-0.00412453611327	-0.00412453611327	
30.32	-0.00577720068316	-0.00577720068316	-0.00413573420928	-0.00413573420928	
30.4	-0.0057864253088	-0.0057864253088	-0.0041471676772	-0.0041471676772	
30.48	-0.00579584281432	-0.00579584281432	-0.00415884186251	-0.00415884186251	
30.56	-0.00580545779386	-0.00580545779386	-0.00417076224876	-0.00417076224876	
30.64	-0.00581527497201	-0.00581527497201	-0.00418293446133	-0.00418293446133	
30.72	-0.0058252992078	-0.0058252992078	-0.00419536427141	-0.00419536427141	
30.8	-0.00583553549885	-0.00583553549885	-0.0042080576	-0.0042080576	
30.88	-0.00584598898567	-0.00584598898567	-0.00422102052212	-0.00422102052212	
30.96	-0.00585666495602	-0.00585666495602	-0.00423425927111	-0.00423425927111	
31.04	-0.00586756884953	-0.00586756884953	-0.00424778024304	-0.00424778024304	
31.12	-0.00587870626238	-0.00587870626238	-0.00426159000133	-0.00426159000133	
31.2	-0.00589008295223	-0.00589008295223	-0.00427569528142	-0.00427569528142	
31.28	-0.00590170484319	-0.00590170484319	-0.00429010299568	-0.00429010299568	
31.36	-0.0059135780311	-0.0059135780311	-0.0043048202384	-0.0043048202384	
31.44	-0.00592570878887	-0.00592570878887	-0.00431985429099	-0.00431985429099	
31.52	-0.00593810357206	-0.00593810357206	-0.00433521262731	-0.00433521262731	
31.6	-0.00595076902466	-0.00595076902466	-0.00435090291923	-0.00435090291923	
31.68	-0.00596371198502	-0.00596371198502	-0.00436693304223	-0.00436693304223	
31.76	-0.00597693949202	-0.00597693949202	-0.00438331108139	-0.00438331108139	
31.84	-0.00599045879144	-0.00599045879144	-0.00440004533736	-0.00440004533736	
31.92	-0.00600427734255	-0.00600427734255	-0.0044171443327	-0.0044171443327	
32.0	-0.00601840282491	-0.00601840282491	-0.00443461681829	-0.00443461681829	
32.08	-0.00603284314545	-0.00603284314545	-0.00445247178008	-0.00445247178008	
32.16	-0.00604760644574	-0.00604760644574	-0.00447071844591	-0.00447071844591	
32.24	-0.00606270110954	-0.00606270110954	-0.00448936629273	-0.00448936629273	
32.32	-0.00607813577064	-0.00607813577064	-0.00450842505391	-0.00450842505391	
32.4	-0.00609391932092	-0.00609391932092	-0.00452790472689	-0.00452790472689	
32.48	-0.00611006091875	-0.00611006091875	-0.00454781558106	-0.00454781558106	
32.56	-0.0061265699976	-0.0061265699976	-0.00456816816588	-0.00456816816588	
32.64	-0.00614345627512	-0.00614345627512	-0.00458897331934	-0.00458897331934	
32.72	-0.00616072976233	-0.00616072976233	-0.00461024217666	-0.00461024217666	
32.8	-0.0061784007733	-0.0061784007733	-0.00463198617931	-0.00463198617931	
32.88	-0.00619647993514	-0.00619647993514	-0.00465421708433	-0.00465421708433	
32.96	-0.0062149781983	-0.0062149781983	-0.00467694697402	-0.00467694697402	
33.04	-0.0062339068473	-0.0062339068473	-0.00470018826591	-0.00470018826591	
33.12	-0.00625327751186	-0.00625327751186	-0.00472395372316	-0.00472395372316	
33.2	-0.00627310217836	-0.00627310217836	-0.00474825646525	-0.00474825646525	
33.28	-0.00629339320181	-0.00629339320181	-0.00477310997915	-0.00477310997915	
33.36	-0.00631416331824	-0.00631416331824	-0.0047985281308	-0.0047985281308	
33.44	-0.00633542565753	-0.00633542565753	-0.00482452517712	-0.00482452517712	
33.52	-0.00635719375676	-0.00635719375676	-0.00485111577835	-0.00485111577835	
33.6	-0.00637948157402	-0.00637948157402	-0.00487831501097	-0.00487831501097	
33.68	-0.00640230350281	-0.00640230350281	-0.00490613838101	-0.00490613838101	
33.76	-0.00642567438694	-0.00642567438694	-0.00493460183796	-0.00493460183796	
33.84	-0.00644960953608	-0.00644960953608	-0.00496372178914	-0.00496372178914	
33.92	-0.0064741247418	-0.0064741247418	-0.00499351511466	-0.00499351511466	
34.0	-0.00649923629441	-0.00649923629441	-0.00502399918302	-0.00502399918302	
34.08	-0.00652496100032	-0.00652496100032	-0.00505519186725	-0.00505519186725	
34.16	-0.00655131620022	-0.00655131620022	-0.0050871115618	-0.0050871115618	
34.24	-0.00657831978797	-0.00657831978797	-0.00511977720002	-0.00511977720002	
34.32	-0.0066059902302	-0.0066059902302	-0.00515320827245	-0.00515320827245	
34.4	-0.00663434658688	-0.00663434658688	-0.0051874248459	-0.0051874248459	
34.48	-0.00666340853266	-0.00666340853266	-0.00522244758322	-0.00522244758322	
34.56	-0.00669319637914	-0.00669319637914	-0.00525829776412	-0.00525829776412	
34.64	-0.0067237310982	-0.0067237310982	-0.00529499730674	-0.00529499730674	
34.72	-0.00675503434628	-0.00675503434628	-0.00533256879032	-0.00533256879032	
34.8	-0.00678712848983	-0.00678712848983	-0.00537103547888	-0.00537103547888	
34.88	-0.00682003663192	-0.00682003663192	-0.00541042134595	-0.00541042134595	
34.96	-0.0068537826401	-0.0068537826401	-0.00545075110059	-0.00545075110059	
35.04	-0.00688839117567	-0.00688839117567	-0.00549205021458	-0.00549205021458	
35.12	-0.00692388772428	-0.00692388772428	-0.00553434495111	-0.00553434495111	
35.2	-0.00696029862824	-0.00696029862824	-0.00557766239479	-0.00557766239479	
35.28	-0.00699765112041	-0.00699765112041	-0.00562203048333	-0.00562203048333	
35.36	-0.0070359733599	-0.0070359733599	-0.00566747804096	-0.00566747804096	
35.44	-0.00707529446984	-0.00707529446984	-0.00571403481363	-0.00571403481363	
35.52	-0.00711564457718	-0.00711564457718	-0.0057617315063	-0.0057617315063	
35.6	-0.00715705485492	-0.00715705485492	-0.0058105998224	-0.0058105998224	
35.68	-0.00719955756688	-0.00719955756688	-0.00586067250573	-0.00586067250573	
35.76	-0.00724318611527	-0.00724318611527	-0.00591198338495	-0.00591198338495	
35.84	-0.00728797509148	-0.00728797509148	-0.00596456742112	-0.00596456742112	
35.92	-0.00733396033018	-0.00733396033018	-0.00601846075833	-0.00601846075833	
36.0	-0.00738117896747	-0.00738117896747	-0.00607370077802	-0.00607370077802	
36.08	-0.00742966950322	-0.00742966950322	-0.00613032615727	-0.00613032615727	
36.16	-0.00747947186833	-0.00747947186833	-0.00618837693162	-0.00618837693162	
36.24	-0.00753062749756	-0.00753062749756	-0.00624789456293	-0.00624789456293	
36.32	-0.00758317940851	-0.00758317940851	-0.006308922013	-0.006308922013	
36.4	-0.00763717228792	-0.00763717228792	-0.00637150382364	-0.00637150382364	
36.48	-0.0076926525861	-0.0076926525861	-0.00643568620438	-0.00643568620438	
36.56	-0.00774966862101	-0.00774966862101	-0.00650151712857	-0.00650151712857	
36.64	-0.00780827069342	-0.00780827069342	-0.00656904643957	-0.00656904643957	
36.72	-0.00786851121512	-0.00786851121512	-0.00663832596847	-0.00663832596847	
36.8	-0.00793044485261	-0.00793044485261	-0.00670940966542	-0.00670940966542	
36.88	-0.00799412868896	-0.00799412868896	-0.00678235374699	-0.00678235374699	
36.96	-0.00805962240773	-0.00805962240773	-0.00685721686252	-0.00685721686252	
37.04	-0.00812698850317	-0.00812698850317	-0.00693406028338	-0.00693406028338	
37.12	-0.00819629252256	-0.00819629252256	-0.0070129481196	-0.0070129481196	
37.2	-0.00826760334788	-0.00826760334788	-0.00709394756999	-0.00709394756999	
37.28	-0.00834099352585	-0.00834099352585	-0.0071771292131	-0.0071771292131	
37.36	-0.00841653965848	-0.00841653965848	-0.00726256734872	-0.00726256734872	
37.44	-0.00849432286927	-0.00849432286927	-0.00735034040225	-0.00735034040225	
37.52	-0.00857442936565	-0.00857442936565	-0.00744053140809	-0.00744053140809	
37.6	-0.00865695112433	-0.00865695112433	-0.00753322859315	-0.00753322859315	
37.68	-0.00874198673561	-0.00874198673561	-0.00762852608842	-0.00762852608842	
37.76	-0.00882964245549	-0.00882964245549	-0.00772652480606	-0.00772652480606	
37.84	-0.00892003353217	-0.00892003353217	-0.00782733353206	-0.00782733353206	
37.92	-0.00901328589934	-0.00901328589934	-0.00793107030305	-0.00793107030305	
38.0	-0.00910953836576	-0.00910953836576	-0.00803786416101	-0.00803786416101	
38.08	-0.00920894548466	-0.00920894548466	-0.00814785741583	-0.00814785741583	
38.16	-0.00931168136702	-0.00931168136702	-0.00826120859767	-0.00826120859767	
38.24	-0.00941794482259	-0.00941794482259	-0.00837809635597	-0.00837809635597	
38.32	-0.00952796639483	-0.00952796639483	-0.00849872467147	-0.00849872467147	
38.4	-0.0096420181346	-0.0096420181346	-0.00862332990888	-0.00862332990888	
38.48	-0.00976042738995	-0.00976042738995	-0.0087521904778	-0.0087521904778	
38.56	-0.0098835965657	-0.0098835965657	-0.0088856402292	-0.0088856402292	
38.64	-0.0100120318772	-0.0100120318772	-0.00902408726023	-0.00902408726023	
38.72	-0.0101463858319	-0.0101463858319	-0.00916804063394	-0.00916804063394	
38.8	-0.0102875209272	-0.0102875209272	-0.0093181488098	-0.0093181488098	
38.88	-0.0104366065316	-0.0104366065316	-0.00947525559236	-0.00947525559236	
38.96	-0.0105952682552	-0.0105952682552	-0.00964048258105	-0.00964048258105	
39.04	-0.010765821239	-0.010765821239	-0.00981535217227	-0.00981535217227	
39.12	-0.0109516389699	-0.0109516389699	-0.0100019733526	-0.0100019733526	
39.2	-0.011157743052	-0.011157743052	-0.0102033259193	-0.0102033259193	
39.28	-0.0113917564783	-0.0113917564783	-0.0104237009841	-0.0104237009841	
39.36	-0.011665460067	-0.011665460067	-0.0106693930074	-0.0106693930074	
39.44	-0.0119973580638	-0.0119973580638	-0.010949802486	-0.010949802486	
39.52	-0.0124169458831	-0.0124169458831	-0.0112792192933	-0.0112792192933	
39.6	-0.0129718717834	-0.0129718717834	-0.0116797523078	-0.0116797523078	
39.68	-0.0137400581811	-0.0137400581811	-0.0121862219834	-0.0121862219834	
39.76	-0.0148503919888	-0.0148503919888	-0.0128544729443	-0.0128544729443	
39.84	-0.0165183439685	-0.0165183439685	-0.0137757515655	-0.0137757515655	
39.92	-0.019107823483	-0.019107823483	-0.0151020321301	-0.0151020321301	
40.0	-0.0232395567876	-0.0232395567876	-0.0170914581905	-0.0170914581905	
