-10.0	-1.445439623183665	0.02277947107492706	-1.4955246820519008	-0.006630053347027209	-3.183117533100167	-0.011284576220137392
-9.8	-1.4554354305410673	0.028570056158486123	-1.508194013447259	-0.00811852616210093	-3.204862485539433	-0.014094360688086283
-9.6	-1.4681319021574115	0.034509979065353066	-1.5214050267262014	-0.009868092127141834	-3.227994077163939	-0.017502777265111652
-9.4	-1.481081995010963	0.038776189499607525	-1.5356849909209798	-0.011634667686387483	-3.253562100108754	-0.021140061619171147
-9.2	-1.4949620187719157	0.04543508426931768	-1.5509954929610323	-0.014234589632537167	-3.281633811611872	-0.02657305830846307
-9.0	-1.5117178755703868	0.05148287261812827	-1.5671160532487125	-0.017208883162982788	-3.311988267630624	-0.033100764360346646
-8.8	-1.5288773852031605	0.059340857280025486	-1.5846386835610335	-0.02133181192073398	-3.345918026094994	-0.04246192637019565
-8.6	-1.5512577606362816	0.06782398252084827	-1.6025451348763884	-0.026473276448453306	-3.3816158328629644	-0.05468608235295312
-8.4	-1.5739333314780701	0.07421922597519177	-1.6223102717255014	-0.03228729456139032	-3.422359940229194	-0.06966842396327065
-8.2	-1.6016214072968564	0.08202753851237711	-1.642494546205139	-0.039975537746049714	-3.4651499003456445	-0.09044342758806893
-8.0	-1.629437748280023	0.08648642376434253	-1.6649406182508057	-0.048686395796283796	-3.5143687432466795	-0.11656813830138633
-7.8	-1.6631830900986397	0.09373669417931985	-1.68685766935043	-0.06051094748770003	-3.562609586054606	-0.15354701867876736
-7.6	-1.7053102857197464	0.0969749097042587	-1.7073534150827534	-0.07268966190229156	-3.6074393179703277	-0.19520557394744692
-7.4	-1.7482210749347162	0.09657434743728097	-1.7305127455003904	-0.0857820508549955	-3.6578584129810423	-0.2463815746978203
-7.2	-1.7969637609206108	0.09534301073228664	-1.7537657423782074	-0.10238124149113452	-3.702594643664425	-0.3137640641854978
-7.0	-1.8484233874000138	0.09362126539372746	-1.777272422953339	-0.1246832411985365	-3.733423641801242	-0.40276919190756477
-6.8	-1.9132206422694527	0.0810389617946566	-1.8017855662076778	-0.14447695668246585	-3.7592698149948167	-0.49105367231655755
-6.6	-1.9812622191830833	0.057403111809843546	-1.826112081448727	-0.16648272482973742	-3.768537864420426	-0.5846209339093955
-6.4	-2.0653193732544386	0.02755125943749533	-1.8495813991359489	-0.18834693394487884	-3.765126496981104	-0.6723999409472751
-6.2	-2.154204716175191	-0.02779371719499585	-1.8774819497565165	-0.21561247421026325	-3.747400718531449	-0.7701937929726592
-6.0	-2.2530703071539615	-0.09698247625706129	-1.891984825742087	-0.25594211194167343	-3.683671833614105	-0.843889167046244
-5.8	-2.3291606571184986	-0.279011440396084	-1.9072824143080558	-0.286435984836978	-3.6427577915278833	-0.8995727569124725
-5.6	-2.3083519496467773	-0.4123903818681632	-1.923491382521985	-0.31990010705596117	-3.599847201650292	-0.9528306059760809
-5.4	-2.242766000470858	-0.5578011076033149	-1.9468387500915982	-0.35925487008926293	-3.5556266001596053	-1.014575910533791
-5.2	-2.192226145988961	-0.6626244374020562	-1.966935429748311	-0.40777044914523525	-3.500796454459037	-1.06992203533829
-5.0	-2.1053107322554236	-0.7139042242228182	-1.9706894597886362	-0.44581476761912375	-3.455622856507741	-1.0949432256596412
-4.8	-2.0681945505568273	-0.7152151273779856	-1.9784641209787464	-0.46941069646163974	-3.4322572353653875	-1.116280344130153
-4.6	-2.033371317243049	-0.7231103769520372	-1.9967840256426057	-0.5028293007033697	-3.4046425357172163	-1.1529161829876018
-4.4	-1.9769580993153526	-0.7494318686433935	-1.9944156936898008	-0.5526463320661138	-3.3529116441640743	-1.1745931075340152
-4.2	-1.950396365350112	-0.731356375268341	-2.014085184270337	-0.6040097102235493	-3.3144986776919456	-1.2173080430987016
-4.0	-1.9579943187301496	-0.7662429677592089	-2.0175218593725113	-0.6547408755820452	-3.2726583349873324	-1.2438345413710785
-3.8	-1.988239167417881	-0.7529163126000739	-2.0462219063416516	-0.6866827638328421	-3.259945060482928	-1.281285049735322
-3.6	-2.0559657723782943	-0.8262534635961233	-2.0896454375619378	-0.7749874913942837	-3.2134345754446794	-1.350579959741832
-3.4	-2.0434574485224646	-0.8318292574848867	-2.0813600116841253	-0.8312926016362367	-3.172300638837531	-1.3686999712143275
-3.2	-2.076895659314439	-0.8839692760857425	-2.0825774732669853	-0.9243707080476012	-3.115442593039169	-1.4097472176047403
-3.0	-2.061633434832193	-1.003871504187509	-2.050736379720968	-1.0008195095545644	-3.057764992504279	-1.4259308741443795
-2.8	-2.050735028335251	-1.0606245589325676	-2.0540232475300506	-1.1008882105683628	-3.0065096823978252	-1.473481006019227
-2.6	-2.0798044733219223	-1.2532794160250373	-1.9825877418136413	-1.2129268617611253	-2.918016723936706	-1.4907074977885726
-2.4	-2.0173081200392615	-1.2957949973922274	-1.951157153551194	-1.2897605441986082	-2.867104605038994	-1.5121235297768019
-2.2	-2.012805428481371	-1.4122738250174534	-1.8703027619767811	-1.376288728421999	-2.789314954826471	-1.5152716199810918
-2.0	-1.8677657752562549	-1.46052967514858	-1.7968912751186916	-1.432308891321612	-2.7310695137793943	-1.505390758866133
-1.8	-1.8226266283289698	-1.5289617959588657	-1.7083203556537878	-1.5072037795493933	-2.6629332946594473	-1.4945138100380333
-1.6	-1.6932216703831513	-1.6147818483628993	-1.6093582064451302	-1.5478710893301175	-2.6118370702937046	-1.4561690798465168
-1.4	-1.5933870718980445	-1.6756240337949697	-1.5007305647155034	-1.593157695783816	-2.5909362945389676	-1.4028403828658085
-1.2	-1.4685066041753496	-1.7170810665254967	-1.407664518571908	-1.6181649080709162	-2.619663370147193	-1.3982317027378814
-1.0	-1.3534994471073372	-1.7239616415855776	-1.2597766935381984	-1.6256942816422701	-2.64655552990231	-1.3820120325756198
-0.8	-1.2726368624473543	-1.7857575350362365	-1.2398526548713031	-1.626799546089783	-2.7368173413448083	-1.5700237303442715
-0.6	-1.0162327016064918	-1.6218836967744328	-0.9348226550846757	-1.5173292652732107	-2.5425157706191905	-1.618503093632005
-0.4	-1.0793453901063672	-1.8462263491001243	-1.1341576282033188	-1.7154876805316426	-2.6709363740251355	-1.7184390362100181
-0.2	-0.7838840362217606	-1.1654658050565712	-0.7686680482912426	-1.045169607112907	-1.9218670688288506	-1.7795836237365057
0.0	-0.9478681471912229	-1.736118053400412	-0.9592861595179635	-1.5572534499133324	-2.3905806788709043	-1.9754469634063823
0.2	-1.5191773902713936	-1.2033098168899097	-1.5413238536724307	-1.0768971530073719	-2.0000206572916075	-1.5239926173077554
0.4	-1.0376283881654098	-1.7283708667528799	-1.0578963203183913	-1.566139769002717	-2.0067163726320874	-1.8843715946530235
0.6	-0.9985682192839307	-1.6511043711847264	-1.0752636515508764	-1.5249527866404071	-1.7356212055379494	-1.7703282369575517
0.8	-0.8460120027031051	-1.784305175734148	-0.8750077155785536	-1.6756390812521706	-1.6651589610509068	-1.6671044275984181
1.0	-0.702087049401195	-1.706328457013411	-0.7953485191213732	-1.603157264262152	-1.4672796239839103	-1.6020016277568114
1.2	-0.6223160567260708	-1.7337085723190995	-0.6804735396411288	-1.6289533924874036	-1.3900558269474677	-1.470361323553147
1.4	-0.4860374015698312	-1.6569990231655616	-0.5608425382082589	-1.5876045733691724	-1.2683171881560282	-1.332615940118106
1.6	-0.40629727074765754	-1.627718695646809	-0.4636892234489993	-1.5500460127549414	-1.2035994137054735	-1.1621432794538331
1.8	-0.24741264013468278	-1.5253033848003568	-0.36226741355159	-1.508097100680095	-1.154245292149286	-0.9890696723091772
2.0	-0.21265244249294968	-1.4615988392648747	-0.2719397170914015	-1.4306010108533314	-1.1867383236337616	-0.7957427119848032
2.2	-0.07664822568924468	-1.3964837308651172	-0.20732640656159074	-1.369638759623597	-1.2353138652743487	-0.6720150146986487
2.4	-0.07862492103245744	-1.2881912221930945	-0.130784636095588	-1.288581579582518	-1.3075234942018166	-0.5492074253567711
2.6	0.030236625347899615	-1.2069710160162264	-0.07933486880721974	-1.1861096553453947	-1.3991067850640309	-0.47059685581591565
2.8	-0.022534395627666015	-1.0618324020417629	-0.021496930775686707	-1.0980800029605489	-1.4605086638321412	-0.4024819124567196
3.0	0.018567061488181658	-0.9860863886303308	-0.012769517808522757	-0.9990004650506139	-1.5289102418251614	-0.3733801947858523
3.2	-0.009396233190098968	-0.9040116277275855	0.011505565333469026	-0.9202817387175398	-1.5709952208574256	-0.33816714149065336
3.4	-0.003360686473703023	-0.84281714054899	0.019923128735743312	-0.8385628555703915	-1.6126302933592624	-0.3110476362824539
3.6	-0.07944575478774585	-0.7712303362817148	-0.03176168564090176	-0.7472947108317018	-1.6727992998050425	-0.30629473759131465
3.8	-0.0814831633764892	-0.7560684967318341	-0.03432081737431991	-0.6807298919021739	-1.7020767022264502	-0.28321878384090016
4.0	-0.1148997692670175	-0.7398268479884753	-0.054676724162238344	-0.6340377626134341	-1.7280100677270873	-0.2732317329447405
4.2	-0.11820535918632658	-0.7352332296653105	-0.0694309097802508	-0.5906211218326114	-1.7496303188830051	-0.26103953525710627
4.4	-0.08851971009355974	-0.7619817402270418	-0.07026182970555261	-0.5445472050260144	-1.7652914080164832	-0.24215658109777533
4.6	-0.07087689500127503	-0.7300684277508389	-0.0977451348249474	-0.5200269478550588	-1.7847476708249106	-0.24016940503703565
4.8	-0.030342881769835017	-0.7182096476037059	-0.10420039400701064	-0.4752754142574109	-1.8006623070091665	-0.22212106362583245
5.0	0.04963692404693987	-0.6937075557341258	-0.10990760095567254	-0.43117878554911443	-1.8148976463733382	-0.2036027560342007
5.2	0.10514390945839303	-0.6359386235669937	-0.1281894110816939	-0.3946773672030051	-1.8321768515074437	-0.19100273991350353
5.4	0.17282757826526574	-0.528074641035597	-0.1407402962734352	-0.34341322661756957	-1.8491916708539815	-0.16915999055904157
5.6	0.2297189067950285	-0.4356627083391648	-0.15596115097524166	-0.3240933764112519	-1.8603994594997255	-0.1626579879440333
5.8	0.23702628141868853	-0.26118907233785393	-0.17216760728388092	-0.281919699014479	-1.8759778166795416	-0.14439317166235044
6.0	0.16625796338013998	-0.10468290199528034	-0.18751923382090663	-0.2455414369180144	-1.889456211918593	-0.1281121865830383
6.2	0.06075698481473424	-0.02310216655773771	-0.21692282583018763	-0.22160667315831029	-1.9082450531168202	-0.11952429979475372
6.4	-0.024973381790100113	0.027510319117964824	-0.23976405501745912	-0.18748921869967988	-1.9247926271665303	-0.10372424567394282
6.6	-0.1066340480929302	0.05675004321359685	-0.2587481185014209	-0.1626349662226813	-1.9379545275050454	-0.09184192083673341
6.8	-0.1759010448763405	0.07905163212444297	-0.2847451196994095	-0.1410758970838077	-1.9547601529136465	-0.08187497350363974
7.0	-0.23445228065909784	0.08876400924130806	-0.3088632444061954	-0.11796697320418352	-1.970707202771651	-0.070183291192951
7.2	-0.29218227548759135	0.09660119504080986	-0.330888253297573	-0.10339765647607775	-1.9849159687340006	-0.06289244243376017
7.4	-0.3389942511895292	0.10099100983147431	-0.3555770782810228	-0.08830693689987361	-2.0009828358954014	-0.055035763239019306
7.6	-0.3839664073508624	0.09548746826386961	-0.37587064911961043	-0.0719891062899	-2.01454428007092	-0.0457557114614659
7.8	-0.4219268415157664	0.09241159771311082	-0.39844970601890495	-0.05981831135876402	-2.0295356456540485	-0.03884408026012863
8.0	-0.4528459869527417	0.08600658678726537	-0.42133018494853225	-0.047841072537766025	-2.044945365762242	-0.03173643075316032
8.2	-0.48497499437648806	0.08118646426921601	-0.44178184671271836	-0.03958771308579816	-2.0588606952957313	-0.0267583183071589
8.4	-0.5106931546737847	0.074176052129467	-0.46255591154068476	-0.032081561476244524	-2.0731997770075967	-0.022094964599300104
8.6	-0.534318276688003	0.06572724712362975	-0.4817234903701486	-0.02572220840507236	-2.0866269658203525	-0.018019535414120685
8.8	-0.5545492711398303	0.060583627781763474	-0.5001872961064855	-0.02150484840930872	-2.0997284104337286	-0.015310812329085433
9.0	-0.5725553694796464	0.05336948325395012	-0.5173911769195456	-0.01754612506890972	-2.112116587120653	-0.012679607561371056
9.2	-0.5891655692607092	0.045629425028691786	-0.5333392680067277	-0.014208742348756978	-2.1237532696234442	-0.010408797244015729
9.4	-0.6046918603979581	0.03991943055641774	-0.5482323339449238	-0.011822553723450355	-2.134751756385864	-0.00877051552195577
9.6	-0.6171894927028152	0.03298663771742818	-0.5624767983263634	-0.009574958329453716	-2.145397278715823	-0.007188348715934739
9.8	-0.6280532643347225	0.02699888763182937	-0.5759101317199313	-0.007820846320531302	-2.1555482645736213	-0.005937230314151061
