0.0785398163397	0.000100229346635	-5.84262481128	0.000100229346635	-5.84262481128
0.235619449019	9.92165140533e-05	-2.63988829735	9.92165140533e-05	-2.63988829735
0.392699081699	9.91815868212e-05	-1.86449327172	9.91815868212e-05	-1.86449327172
0.549778714378	9.93859729612e-05	-1.45729162026	9.93859729612e-05	-1.45729162026
0.706858347058	9.94864428377e-05	-1.19797279783	9.94864428377e-05	-1.19797279783
0.863937979737	9.94524231356e-05	-1.01810837768	9.94524231356e-05	-1.01810837768
1.02101761242	9.93062785749e-05	-0.886610770994	9.93062785749e-05	-0.886610770994
1.1780972451	9.90700103581e-05	-0.78673377111	9.90700103581e-05	-0.78673377111
1.33517687778	9.87591321914e-05	-0.708580602584	9.87591321914e-05	-0.708580602584
1.49225651046	9.83841069443e-05	-0.645931873688	9.83841069443e-05	-0.645931873688
1.64933614313	9.79521612744e-05	-0.594694385155	9.79521612744e-05	-0.594694385155
1.80641577581	9.74685363025e-05	-0.552072415363	9.74685363025e-05	-0.552072415363
1.96349540849	9.69372598916e-05	-0.516096599705	9.69372598916e-05	-0.516096599705
2.12057504117	9.63616125085e-05	-0.485342886132	9.63616125085e-05	-0.485342886132
2.27765467385	9.57444088523e-05	-0.45875811188	9.57444088523e-05	-0.45875811188
2.43473430653	9.50881697067e-05	-0.435548050556	9.50881697067e-05	-0.435548050556
2.59181393921	9.43952277363e-05	-0.415103430866	9.43952277363e-05	-0.415103430866
2.74889357189	9.36677928847e-05	-0.396949780894	9.36677928847e-05	-0.396949780894
2.90597320457	9.29079926172e-05	-0.380712645095	9.29079926172e-05	-0.380712645095
3.06305283725	9.21178962402e-05	-0.366092969034	9.21178962402e-05	-0.366092969034
3.22013246993	9.12995289986e-05	-0.352849360185	9.12995289986e-05	-0.352849360185
3.37721210261	9.04548795544e-05	-0.34078509268	9.04548795544e-05	-0.34078509268
3.53429173529	8.95859031624e-05	-0.329738444862	8.95859031624e-05	-0.329738444862
3.69137136797	8.86945220693e-05	-0.319575417178	8.86945220693e-05	-0.319575417178
3.84845100065	8.77826241543e-05	-0.310184175956	8.77826241543e-05	-0.310184175956
4.00553063333	8.68520605024e-05	-0.301470765964	8.68520605024e-05	-0.301470765964
4.16261026601	8.59046423863e-05	-0.29335576764	8.59046423863e-05	-0.29335576764
4.31968989869	8.49421379869e-05	-0.285771665974	8.49421379869e-05	-0.285771665974
4.47676953137	8.39662690824e-05	-0.278660761343	8.39662690824e-05	-0.278660761343
4.63384916404	8.29787078627e-05	-0.27197349725	8.29787078627e-05	-0.27197349725
4.79092879672	8.19810739799e-05	-0.265667111755	8.19810739799e-05	-0.265667111755
4.9480084294	8.09749319053e-05	-0.259704542441	8.09749319053e-05	-0.259704542441
5.10508806208	7.99617886392e-05	-0.254053531547	7.99617886392e-05	-0.254053531547
5.26216769476	7.89430917976e-05	-0.248685890356	7.89430917976e-05	-0.248685890356
5.41924732744	7.79202280858e-05	-0.243576891148	7.79202280858e-05	-0.243576891148
5.57632696012	7.68945221589e-05	-0.238704762035	7.68945221589e-05	-0.238704762035
5.7334065928	7.5867235858e-05	-0.234050265257	7.5867235858e-05	-0.234050265257
5.89048622548	7.48395678073e-05	-0.229596343584	7.48395678073e-05	-0.229596343584
6.04756585816	7.38126533509e-05	-0.225327822579	7.38126533509e-05	-0.225327822579
6.20464549084	7.27875648069e-05	-0.221231158926	7.27875648069e-05	-0.221231158926
6.36172512352	7.17653120111e-05	-0.217294226907	7.17653120111e-05	-0.217294226907
6.5188047562	7.07468431266e-05	-0.213506136608	7.07468431266e-05	-0.213506136608
6.67588438888	6.97330456882e-05	-0.209857078646	6.97330456882e-05	-0.209857078646
6.83296402156	6.87247478573e-05	-0.206338191118	6.87247478573e-05	-0.206338191118
6.99004365424	6.77227198594e-05	-0.202941445262	6.77227198594e-05	-0.202941445262
7.14712328692	6.67276755784e-05	-0.199659546915	6.67276755784e-05	-0.199659546915
7.3042029196	6.57402742824e-05	-0.19648585136	6.57402742824e-05	-0.19648585136
7.46128255228	6.4761122459e-05	-0.193414289541	6.4761122459e-05	-0.193414289541
7.61836218496	6.37907757366e-05	-0.190439303973	6.37907757366e-05	-0.190439303973
7.77544181763	6.28297408726e-05	-0.187555792936	6.28297408726e-05	-0.187555792936
7.93252145031	6.18784777889e-05	-0.184759061765	6.18784777889e-05	-0.184759061765
8.08960108299	6.09374016377e-05	-0.182044780235	6.09374016377e-05	-0.182044780235
8.24668071567	6.0006884883e-05	-0.179408945197	6.0006884883e-05	-0.179408945197
8.40376034835	5.90872593828e-05	-0.176847847738	5.90872593828e-05	-0.176847847738
8.56083998103	5.81788184601e-05	-0.174358044266	5.81788184601e-05	-0.174358044266
8.71791961371	5.72818189521e-05	-0.171936330983	5.72818189521e-05	-0.171936330983
8.87499924639	5.63964832276e-05	-0.169579721312	5.63964832276e-05	-0.169579721312
9.03207887907	5.55230011653e-05	-0.167285425884	5.55230011653e-05	-0.167285425884
9.18915851175	5.46615320848e-05	-0.165050834773	5.46615320848e-05	-0.165050834773
9.34623814443	5.38122066259e-05	-0.162873501677	5.38122066259e-05	-0.162873501677
9.50331777711	5.29751285709e-05	-0.160751129814	5.29751285709e-05	-0.160751129814
9.66039740979	5.21503766048e-05	-0.15868155932	5.21503766048e-05	-0.15868155932
9.81747704247	5.13380060137e-05	-0.156662755966	5.13380060137e-05	-0.156662755966
9.97455667515	5.05380503156e-05	-0.154692801032	5.05380503156e-05	-0.154692801032
10.1316363078	4.97505228245e-05	-0.152769882209	4.97505228245e-05	-0.152769882209
10.2887159405	4.89754181464e-05	-0.1508922854	4.89754181464e-05	-0.1508922854
10.4457955732	4.82127136068e-05	-0.149058387327	4.82127136068e-05	-0.149058387327
10.6028752059	4.74623706092e-05	-0.147266648842	4.74623706092e-05	-0.147266648842
10.7599548385	4.67243359271e-05	-0.145515608871	4.67243359271e-05	-0.145515608871
10.9170344712	4.59985429284e-05	-0.143803878912	4.59985429284e-05	-0.143803878912
11.0741141039	4.52849127343e-05	-0.142130138041	4.52849127343e-05	-0.142130138041
11.2311937366	4.45833553147e-05	-0.140493128353	4.45833553147e-05	-0.140493128353
11.3882733693	4.3893770521e-05	-0.138891650812	4.3893770521e-05	-0.138891650812
11.5453530019	4.32160490587e-05	-0.137324561447	4.32160490587e-05	-0.137324561447
11.7024326346	4.25500734012e-05	-0.135790767873	4.25500734012e-05	-0.135790767873
11.8595122673	4.18957186481e-05	-0.134289226101	4.18957186481e-05	-0.134289226101
12.0165919	4.12528533282e-05	-0.132818937603	4.12528533282e-05	-0.132818937603
12.1736715327	4.06213401518e-05	-0.131378946609	4.06213401518e-05	-0.131378946609
12.3307511653	4.0001036713e-05	-0.12996833762	4.0001036713e-05	-0.12996833762
12.487830798	3.9391796144e-05	-0.128586233105	3.9391796144e-05	-0.128586233105
12.6449104307	3.87934677251e-05	-0.127231791379	3.87934677251e-05	-0.127231791379
12.8019900634	3.82058974513e-05	-0.125904204625	3.82058974513e-05	-0.125904204625
12.9590696961	3.76289285585e-05	-0.124602697071	3.76289285585e-05	-0.124602697071
13.1161493287	3.70624020104e-05	-0.123326523287	3.70624020104e-05	-0.123326523287
13.2732289614	3.65061569499e-05	-0.122074966609	3.65061569499e-05	-0.122074966609
13.4303085941	3.59600311152e-05	-0.12084733766	3.59600311152e-05	-0.12084733766
13.5873882268	3.54238612236e-05	-0.119642972981	3.54238612236e-05	-0.119642972981
13.7444678595	3.48974833247e-05	-0.118461233742	3.48974833247e-05	-0.118461233742
13.9015474921	3.4380733125e-05	-0.117301504547	3.4380733125e-05	-0.117301504547
14.0586271248	3.38734462851e-05	-0.116163192302	3.38734462851e-05	-0.116163192302
14.2157067575	3.33754586913e-05	-0.115045725166	3.33754586913e-05	-0.115045725166
14.3727863902	3.28866067041e-05	-0.113948551557	3.28866067041e-05	-0.113948551557
14.5298660229	3.2406727384e-05	-0.112871139226	3.2406727384e-05	-0.112871139226
14.6869456555	3.19356586964e-05	-0.111812974375	3.19356586964e-05	-0.111812974375
14.8440252882	3.1473239697e-05	-0.110773560839	3.1473239697e-05	-0.110773560839
15.0011049209	3.10193106997e-05	-0.109752419303	3.10193106997e-05	-0.109752419303
15.1581845536	3.05737134268e-05	-0.108749086574	3.05737134268e-05	-0.108749086574
15.3152641863	3.01362911442e-05	-0.107763114885	3.01362911442e-05	-0.107763114885
15.4723438189	2.97068887812e-05	-0.10679407124	2.97068887812e-05	-0.10679407124
15.6294234516	2.92853530376e-05	-0.105841536795	2.92853530376e-05	-0.105841536795
15.7865030843	2.88715324774e-05	-0.104905106273	2.88715324774e-05	-0.104905106273
15.943582717	2.84652776117e-05	-0.103984387405	2.84652776117e-05	-0.103984387405
16.1006623496	2.80664409702e-05	-0.103079000405	2.80664409702e-05	-0.103079000405
16.2577419823	2.76748771627e-05	-0.102188577468	2.76748771627e-05	-0.102188577468
16.414821615	2.72904429319e-05	-0.101312762296	2.72904429319e-05	-0.101312762296
16.5719012477	2.69129971976e-05	-0.100451209644	2.69129971976e-05	-0.100451209644
16.7289808804	2.65424010924e-05	-0.0996035848925	2.65424010924e-05	-0.0996035848925
16.886060513	2.61785179914e-05	-0.0987695636366	2.61785179914e-05	-0.0987695636366
17.0431401457	2.58212135342e-05	-0.0979488312979	2.58212135342e-05	-0.0979488312979
17.2002197784	2.54703556419e-05	-0.0971410827524	2.54703556419e-05	-0.0971410827524
17.3572994111	2.51258145275e-05	-0.0963460219773	2.51258145275e-05	-0.0963460219773
17.5143790438	2.47874627024e-05	-0.0955633617127	2.47874627024e-05	-0.0955633617127
17.6714586764	2.44551749772e-05	-0.09479282314	2.44551749772e-05	-0.09479282314
17.8285383091	2.41288284592e-05	-0.0940341355739	2.41288284592e-05	-0.0940341355739
17.9856179418	2.38083025457e-05	-0.0932870361685	2.38083025457e-05	-0.0932870361685
18.1426975745	2.34934789137e-05	-0.0925512696361	2.34934789137e-05	-0.0925512696361
18.2997772072	2.31842415071e-05	-0.0918265879788	2.31842415071e-05	-0.0918265879788
18.4568568398	2.28804765204e-05	-0.0911127502312	2.28804765204e-05	-0.0911127502312
18.6139364725	2.25820723804e-05	-0.090409522214	2.25820723804e-05	-0.090409522214
18.7710161052	2.22889197253e-05	-0.0897166762989	2.22889197253e-05	-0.0897166762989
18.9280957379	2.20009113821e-05	-0.0890339911822	2.20009113821e-05	-0.0890339911822
19.0851753706	2.17179423423e-05	-0.0883612516688	2.17179423423e-05	-0.0883612516688
19.2422550032	2.14399097354e-05	-0.0876982484646	2.14399097354e-05	-0.0876982484646
19.3993346359	2.11667128017e-05	-0.0870447779776	2.11667128017e-05	-0.0870447779776
19.5564142686	2.08982528636e-05	-0.0864006421269	2.08982528636e-05	-0.0864006421269
19.7134939013	2.06344332962e-05	-0.0857656481596	2.06344332962e-05	-0.0857656481596
19.870573534	2.03751594965e-05	-0.0851396084749	2.03751594965e-05	-0.0851396084749
20.0276531666	2.0120338852e-05	-0.0845223404546	2.0120338852e-05	-0.0845223404546
20.1847327993	1.98698807091e-05	-0.0839136663019	1.98698807091e-05	-0.0839136663019
20.341812432	1.96236963408e-05	-0.0833134128842	1.96236963408e-05	-0.0833134128842
20.4988920647	1.93816989133e-05	-0.0827214115838	1.93816989133e-05	-0.0827214115838
20.6559716974	1.91438034537e-05	-0.0821374981538	1.91438034537e-05	-0.0821374981538
20.81305133	1.89099268163e-05	-0.0815615125787	1.89099268163e-05	-0.0815615125787
20.9701309627	1.86799876491e-05	-0.0809932989417	1.86799876491e-05	-0.0809932989417
21.1272105954	1.84539063607e-05	-0.0804327052958	1.84539063607e-05	-0.0804327052958
21.2842902281	1.82316050865e-05	-0.0798795835401	1.82316050865e-05	-0.0798795835401
21.4413698608	1.80130076556e-05	-0.0793337893009	1.80130076556e-05	-0.0793337893009
21.5984494934	1.77980395577e-05	-0.078795181817	1.77980395577e-05	-0.078795181817
21.7555291261	1.75866279094e-05	-0.0782636238289	1.75866279094e-05	-0.0782636238289
21.9126087588	1.73787014222e-05	-0.0777389814726	1.73787014222e-05	-0.0777389814726
22.0696883915	1.71741903694e-05	-0.0772211241769	1.71741903694e-05	-0.0772211241769
22.2267680241	1.69730265539e-05	-0.0767099245642	1.69730265539e-05	-0.0767099245642
22.3838476568	1.67751432768e-05	-0.0762052583551	1.67751432768e-05	-0.0762052583551
22.5409272895	1.65804753049e-05	-0.0757070042766	1.65804753049e-05	-0.0757070042766
22.6980069222	1.63889588405e-05	-0.0752150439728	1.63889588405e-05	-0.0752150439728
22.8550865549	1.62005314899e-05	-0.0747292619197	1.62005314899e-05	-0.0747292619197
23.0121661875	1.60151322334e-05	-0.0742495453417	1.60151322334e-05	-0.0742495453417
23.1692458202	1.58327013955e-05	-0.0737757841326	1.58327013955e-05	-0.0737757841326
23.3263254529	1.5653180615e-05	-0.0733078707778	1.5653180615e-05	-0.0733078707778
23.4834050856	1.54765128166e-05	-0.0728457002797	1.54765128166e-05	-0.0728457002797
23.6404847183	1.53026421819e-05	-0.0723891700865	1.53026421819e-05	-0.0723891700865
23.7975643509	1.51315141216e-05	-0.0719381800216	1.51315141216e-05	-0.0719381800216
23.9546439836	1.49630752482e-05	-0.0714926322173	1.49630752482e-05	-0.0714926322173
24.1117236163	1.47972733483e-05	-0.0710524310492	1.47972733483e-05	-0.0710524310492
24.268803249	1.46340573569e-05	-0.0706174830737	1.46340573569e-05	-0.0706174830737
24.4258828817	1.44733773308e-05	-0.0701876969669	1.44733773308e-05	-0.0701876969669
24.5829625143	1.4315184423e-05	-0.0697629834666	1.4315184423e-05	-0.0697629834666
24.740042147	1.41594308581e-05	-0.0693432553144	1.41594308581e-05	-0.0693432553144
24.8971217797	1.40060699077e-05	-0.0689284272016	1.40060699077e-05	-0.0689284272016
25.0542014124	1.38550558659e-05	-0.0685184157158	1.38550558659e-05	-0.0685184157158
25.2112810451	1.37063440261e-05	-0.0681131392889	1.37063440261e-05	-0.0681131392889
25.3683606777	1.35598906581e-05	-0.0677125181481	1.35598906581e-05	-0.0677125181481
25.5254403104	1.34156529852e-05	-0.0673164742667	1.34156529852e-05	-0.0673164742667
25.6825199431	1.32735891624e-05	-0.0669249313183	1.32735891624e-05	-0.0669249313183
25.8395995758	1.31336582545e-05	-0.0665378146309	1.31336582545e-05	-0.0665378146309
25.9966792085	1.29958202151e-05	-0.0661550511432	1.29958202151e-05	-0.0661550511432
26.1537588411	1.28600358663e-05	-0.0657765693623	1.28600358663e-05	-0.0657765693623
26.3108384738	1.27262668777e-05	-0.0654022993225	1.27262668777e-05	-0.0654022993225
26.4679181065	1.25944757473e-05	-0.0650321725451	1.25944757473e-05	-0.0650321725451
26.6249977392	1.24646257822e-05	-0.0646661220004	1.24646257822e-05	-0.0646661220004
26.7820773719	1.23366810791e-05	-0.0643040820696	1.23366810791e-05	-0.0643040820696
26.9391570045	1.22106065065e-05	-0.0639459885087	1.22106065065e-05	-0.0639459885087
27.0962366372	1.20863676865e-05	-0.0635917784135	1.20863676865e-05	-0.0635917784135
27.2533162699	1.19639309771e-05	-0.063241390185	1.19639309771e-05	-0.063241390185
27.4103959026	1.18432634551e-05	-0.0628947634966	1.18432634551e-05	-0.0628947634966
27.5674755353	1.17243328993e-05	-0.0625518392619	1.17243328993e-05	-0.0625518392619
27.7245551679	1.1607107774e-05	-0.0622125596034	1.1607107774e-05	-0.0622125596034
27.8816348006	1.14915572132e-05	-0.0618768678224	1.14915572132e-05	-0.0618768678224
28.0387144333	1.13776510049e-05	-0.0615447083693	1.13776510049e-05	-0.0615447083693
28.195794066	1.12653595759e-05	-0.0612160268155	1.12653595759e-05	-0.0612160268155
28.3528736986	1.11546539765e-05	-0.0608907698256	1.11546539765e-05	-0.0608907698256
28.5099533313	1.10455058666e-05	-0.0605688851301	1.10455058666e-05	-0.0605688851301
28.667032964	1.09378875011e-05	-0.0602503215002	1.09378875011e-05	-0.0602503215002
28.8241125967	1.08317717163e-05	-0.0599350287214	1.08317717163e-05	-0.0599350287214
28.9811922294	1.07271319161e-05	-0.0596229575698	1.07271319161e-05	-0.0596229575698
29.138271862	1.0623942059e-05	-0.0593140597875	1.0623942059e-05	-0.0593140597875
29.2953514947	1.05221766454e-05	-0.05900828806	1.05221766454e-05	-0.05900828806
29.4524311274	1.04218107046e-05	-0.058705595993	1.04218107046e-05	-0.058705595993
29.6095107601	1.03228197829e-05	-0.0584059380908	1.03228197829e-05	-0.0584059380908
29.7665903928	1.02251799317e-05	-0.0581092697351	1.02251799317e-05	-0.0581092697351
29.9236700254	1.01288676955e-05	-0.057815547164	1.01288676955e-05	-0.057815547164
30.0807496581	1.0033860101e-05	-0.0575247274519	1.0033860101e-05	-0.0575247274519
30.2378292908	9.9401346454e-06	-0.05723676849	9.9401346454e-06	-0.05723676849
30.3949089235	9.84766928616e-06	-0.0569516289674	9.84766928616e-06	-0.0569516289674
30.5519885562	9.75644243009e-06	-0.0566692683522	9.75644243009e-06	-0.0566692683522
30.7090681888	9.66643292315e-06	-0.0563896468737	9.66643292315e-06	-0.0563896468737
30.8661478215	9.57762004042e-06	-0.056112725505	9.57762004042e-06	-0.056112725505
31.0232274542	9.48998347622e-06	-0.0558384659455	9.48998347622e-06	-0.0558384659455
31.1803070869	9.40350333463e-06	-0.055566830605	9.40350333463e-06	-0.055566830605
31.3373867196	9.3181601201e-06	-0.0552977825869	9.3181601201e-06	-0.0552977825869
31.4944663522	9.23393472837e-06	-0.0550312856729	9.23393472837e-06	-0.0550312856729
31.6515459849	9.15080843758e-06	-0.0547673043074	9.15080843758e-06	-0.0547673043074
31.8086256176	9.06876289962e-06	-0.0545058035829	9.06876289962e-06	-0.0545058035829
31.9657052503	8.98778013167e-06	-0.0542467492255	8.98778013167e-06	-0.0542467492255
32.122784883	8.90784250794e-06	-0.0539901075805	8.90784250794e-06	-0.0539901075805
32.2798645156	8.82893275164e-06	-0.0537358455988	8.82893275164e-06	-0.0537358455988
32.4369441483	8.75103392716e-06	-0.0534839308239	8.75103392716e-06	-0.0534839308239
32.594023781	8.67412943236e-06	-0.0532343313781	8.67412943236e-06	-0.0532343313781
32.7511034137	8.59820299116e-06	-0.0529870159506	8.59820299116e-06	-0.0529870159506
32.9081830464	8.52323864618e-06	-0.0527419537845	8.52323864618e-06	-0.0527419537845
33.065262679	8.44922075171e-06	-0.0524991146654	8.44922075171e-06	-0.0524991146654
33.2223423117	8.37613396673e-06	-0.0522584689089	8.37613396673e-06	-0.0522584689089
33.3794219444	8.30396324812e-06	-0.0520199873499	8.30396324812e-06	-0.0520199873499
33.5365015771	8.23269384414e-06	-0.0517836413308	8.23269384414e-06	-0.0517836413308
33.6935812098	8.16231128787e-06	-0.0515494026912	8.16231128787e-06	-0.0515494026912
33.8506608424	8.09280139104e-06	-0.0513172437571	8.09280139104e-06	-0.0513172437571
34.0077404751	8.0241502378e-06	-0.0510871373304	8.0241502378e-06	-0.0510871373304
34.1648201078	7.9563441788e-06	-0.0508590566789	7.9563441788e-06	-0.0508590566789
34.3218997405	7.8893698253e-06	-0.0506329755268	7.8893698253e-06	-0.0506329755268
34.4789793731	7.82321404351e-06	-0.0504088680449	7.82321404351e-06	-0.0504088680449
34.6360590058	7.757863949e-06	-0.0501867088411	7.757863949e-06	-0.0501867088411
34.7931386385	7.69330690126e-06	-0.0499664729515	7.69330690126e-06	-0.0499664729515
34.9502182712	7.62953049844e-06	-0.0497481358316	7.62953049844e-06	-0.0497481358316
35.1072979039	7.56652257214e-06	-0.0495316733475	7.56652257214e-06	-0.0495316733475
35.2643775365	7.50427118238e-06	-0.0493170617674	7.50427118238e-06	-0.0493170617674
35.4214571692	7.44276461267e-06	-0.0491042777536	7.44276461267e-06	-0.0491042777536
35.5785368019	7.38199136518e-06	-0.0488932983542	7.38199136518e-06	-0.0488932983542
35.7356164346	7.32194015609e-06	-0.0486841009953	7.32194015609e-06	-0.0486841009953
35.8926960673	7.26259991095e-06	-0.0484766634735	7.26259991095e-06	-0.0484766634735
36.0497756999	7.20395976024e-06	-0.0482709639483	7.20395976024e-06	-0.0482709639483
36.2068553326	7.14600903501e-06	-0.0480669809347	7.14600903501e-06	-0.0480669809347
36.3639349653	7.08873726258e-06	-0.0478646932963	7.08873726258e-06	-0.0478646932963
36.521014598	7.03213416239e-06	-0.0476640802382	7.03213416239e-06	-0.0476640802382
36.6780942307	6.97618964194e-06	-0.0474651213003	6.97618964194e-06	-0.0474651213003
36.8351738633	6.92089379284e-06	-0.0472677963504	6.92089379284e-06	-0.0472677963504
36.992253496	6.86623688686e-06	-0.0470720855781	6.86623688686e-06	-0.0470720855781
37.1493331287	6.81220937223e-06	-0.0468779694884	6.81220937223e-06	-0.0468779694884
37.3064127614	6.7588018699e-06	-0.0466854288952	6.7588018699e-06	-0.0466854288952
37.4634923941	6.70600516993e-06	-0.0464944449156	6.70600516993e-06	-0.0464944449156
37.6205720267	6.65381022795e-06	-0.0463049989638	6.65381022795e-06	-0.0463049989638
37.7776516594	6.60220816176e-06	-0.0461170727457	6.60220816176e-06	-0.0461170727457
37.9347312921	6.55119024792e-06	-0.0459306482526	6.55119024792e-06	-0.0459306482526
38.0918109248	6.50074791848e-06	-0.0457457077564	6.50074791848e-06	-0.0457457077564
38.2488905575	6.45087275778e-06	-0.0455622338039	6.45087275778e-06	-0.0455622338039
38.4059701901	6.40155649929e-06	-0.0453802092114	6.40155649929e-06	-0.0453802092114
38.5630498228	6.35279102257e-06	-0.0451996170599	6.35279102257e-06	-0.0451996170599
38.7201294555	6.30456835027e-06	-0.0450204406899	6.30456835027e-06	-0.0450204406899
38.8772090882	6.25688064518e-06	-0.0448426636965	6.25688064518e-06	-0.0448426636965
39.0342887209	6.20972020742e-06	-0.0446662699245	6.20972020742e-06	-0.0446662699245
39.1913683535	6.16307947161e-06	-0.0444912434641	6.16307947161e-06	-0.0444912434641
39.3484479862	6.11695100415e-06	-0.0443175686458	6.11695100415e-06	-0.0443175686458
39.5055276189	6.07132750055e-06	-0.0441452300362	6.07132750055e-06	-0.0441452300362
39.6626072516	6.02620178285e-06	-0.0439742124337	6.02620178285e-06	-0.0439742124337
39.8196868843	5.98156679705e-06	-0.0438045008641	5.98156679705e-06	-0.0438045008641
39.9767665169	5.93741561059e-06	-0.0436360805761	5.93741561059e-06	-0.0436360805761
40.1338461496	5.89374141e-06	-0.043468937038	5.89374141e-06	-0.043468937038
40.2909257823	5.85053749845e-06	-0.0433030559326	5.85053749845e-06	-0.0433030559326
40.448005415	5.80779729345e-06	-0.0431384231544	5.80779729345e-06	-0.0431384231544
40.6050850476	5.76551432457e-06	-0.0429750248047	5.76551432457e-06	-0.0429750248047
40.7621646803	5.72368223125e-06	-0.0428128471889	5.72368223125e-06	-0.0428128471889
40.919244313	5.68229476058e-06	-0.0426518768118	5.68229476058e-06	-0.0426518768118
41.0763239457	5.6413457652e-06	-0.0424921003747	5.6413457652e-06	-0.0424921003747
41.2334035784	5.60082920124e-06	-0.0423335047717	5.60082920124e-06	-0.0423335047717
41.390483211	5.56073912626e-06	-0.042176077086	5.56073912626e-06	-0.042176077086
41.5475628437	5.52106969727e-06	-0.0420198045871	5.52106969727e-06	-0.0420198045871
41.7046424764	5.48181516883e-06	-0.0418646747267	5.48181516883e-06	-0.0418646747267
41.8617221091	5.44296989108e-06	-0.0417106751361	5.44296989108e-06	-0.0417106751361
42.0188017418	5.40452830795e-06	-0.041557793623	5.40452830795e-06	-0.041557793623
42.1758813744	5.3664849553e-06	-0.041406018168	5.3664849553e-06	-0.041406018168
42.3329610071	5.32883445915e-06	-0.0412553369217	5.32883445915e-06	-0.0412553369217
42.4900406398	5.29157153399e-06	-0.0411057382023	5.29157153399e-06	-0.0411057382023
42.6471202725	5.25469098099e-06	-0.0409572104916	5.25469098099e-06	-0.0409572104916
42.8041999052	5.21818768643e-06	-0.0408097424333	5.21818768643e-06	-0.0408097424333
42.9612795378	5.18205662002e-06	-0.0406633228294	5.18205662002e-06	-0.0406633228294
43.1183591705	5.14629283331e-06	-0.0405179406377	5.14629283331e-06	-0.0405179406377
43.2754388032	5.11089145817e-06	-0.0403735849693	5.11089145817e-06	-0.0403735849693
43.4325184359	5.07584770521e-06	-0.0402302450858	5.07584770521e-06	-0.0402302450858
43.5895980686	5.04115686235e-06	-0.0400879103968	5.04115686235e-06	-0.0400879103968
43.7466777012	5.00681429331e-06	-0.0399465704573	5.00681429331e-06	-0.0399465704573
43.9037573339	4.97281543621e-06	-0.0398062149653	4.97281543621e-06	-0.0398062149653
44.0608369666	4.93915580218e-06	-0.0396668337592	4.93915580218e-06	-0.0396668337592
44.2179165993	4.90583097396e-06	-0.039528416816	4.90583097396e-06	-0.039528416816
44.374996232	4.8728366046e-06	-0.0393909542482	4.8728366046e-06	-0.0393909542482
44.5320758646	4.84016841611e-06	-0.0392544363019	4.84016841611e-06	-0.0392544363019
44.6891554973	4.80782219822e-06	-0.0391188533549	4.80782219822e-06	-0.0391188533549
44.84623513	4.77579380711e-06	-0.0389841959139	4.77579380711e-06	-0.0389841959139
45.0033147627	4.74407916415e-06	-0.0388504546127	4.74407916415e-06	-0.0388504546127
45.1603943954	4.71267425475e-06	-0.03871762021	4.71267425475e-06	-0.03871762021
45.317474028	4.68157512713e-06	-0.0385856835874	4.68157512713e-06	-0.0385856835874
45.4745536607	4.65077789121e-06	-0.0384546357475	4.65077789121e-06	-0.0384546357475
45.6316332934	4.62027871747e-06	-0.0383244678115	4.62027871747e-06	-0.0383244678115
45.7887129261	4.59007383583e-06	-0.0381951710178	4.59007383583e-06	-0.0381951710178
45.9457925588	4.56015953457e-06	-0.0380667367197	4.56015953457e-06	-0.0380667367197
46.1028721914	4.53053215928e-06	-0.0379391563837	4.53053215928e-06	-0.0379391563837
46.2599518241	4.50118811182e-06	-0.0378124215876	4.50118811182e-06	-0.0378124215876
46.4170314568	4.47212384931e-06	-0.0376865240187	4.47212384931e-06	-0.0376865240187
46.5741110895	4.44333588311e-06	-0.0375614554721	4.44333588311e-06	-0.0375614554721
46.7311907221	4.41482077787e-06	-0.0374372078492	4.41482077787e-06	-0.0374372078492
46.8882703548	4.38657515055e-06	-0.0373137731553	4.38657515055e-06	-0.0373137731553
47.0453499875	4.35859566953e-06	-0.0371911434987	4.35859566953e-06	-0.0371911434987
47.2024296202	4.33087905362e-06	-0.0370693110887	4.33087905362e-06	-0.0370693110887
47.3595092529	4.30342207124e-06	-0.0369482682341	4.30342207124e-06	-0.0369482682341
47.5165888855	4.27622153949e-06	-0.0368280073413	4.27622153949e-06	-0.0368280073413
47.6736685182	4.24927432329e-06	-0.0367085209136	4.24927432329e-06	-0.0367085209136
47.8307481509	4.22257733457e-06	-0.0365898015485	4.22257733457e-06	-0.0365898015485
47.9878277836	4.1961275314e-06	-0.0364718419374	4.1961275314e-06	-0.0364718419374
48.1449074163	4.16992191721e-06	-0.0363546348632	4.16992191721e-06	-0.0363546348632
48.3019870489	4.14395753997e-06	-0.0362381731994	4.14395753997e-06	-0.0362381731994
48.4590666816	4.11823149144e-06	-0.0361224499087	4.11823149144e-06	-0.0361224499087
48.6161463143	4.09274090638e-06	-0.0360074580412	4.09274090638e-06	-0.0360074580412
48.773225947	4.06748296182e-06	-0.0358931907337	4.06748296182e-06	-0.0358931907337
48.9303055797	4.0424548763e-06	-0.0357796412076	4.0424548763e-06	-0.0357796412076
49.0873852123	4.0176539092e-06	-0.0356668027683	4.0176539092e-06	-0.0356668027683
49.244464845	3.99307735999e-06	-0.0355546688036	3.99307735999e-06	-0.0355546688036
49.4015444777	3.96872256755e-06	-0.0354432327822	3.96872256755e-06	-0.0354432327822
49.5586241104	3.9445869095e-06	-0.035332488253	3.9445869095e-06	-0.035332488253
49.7157037431	3.92066780155e-06	-0.0352224288435	3.92066780155e-06	-0.0352224288435
49.8727833757	3.89696269681e-06	-0.0351130482589	3.89696269681e-06	-0.0351130482589
50.0298630084	3.8734690852e-06	-0.0350043402806	3.8734690852e-06	-0.0350043402806
50.1869426411	3.85018449277e-06	-0.0348962987652	3.85018449277e-06	-0.0348962987652
50.3440222738	3.82710648114e-06	-0.0347889176436	3.82710648114e-06	-0.0347889176436
50.5011019065	3.80423264686e-06	-0.0346821909193	3.80423264686e-06	-0.0346821909193
50.6581815391	3.78156062084e-06	-0.0345761126682	3.78156062084e-06	-0.0345761126682
50.8152611718	3.75908806778e-06	-0.0344706770365	3.75908806778e-06	-0.0344706770365
50.9723408045	3.73681268555e-06	-0.0343658782407	3.73681268555e-06	-0.0343658782407
51.1294204372	3.71473220472e-06	-0.0342617105658	3.71473220472e-06	-0.0342617105658
51.2865000699	3.69284438792e-06	-0.0341581683644	3.69284438792e-06	-0.0341581683644
51.4435797025	3.67114702938e-06	-0.034055246056	3.67114702938e-06	-0.034055246056
51.6006593352	3.64963795438e-06	-0.033952938126	3.64963795438e-06	-0.033952938126
51.7577389679	3.62831501869e-06	-0.0338512391244	3.62831501869e-06	-0.0338512391244
51.9148186006	3.60717610816e-06	-0.0337501436651	3.60717610816e-06	-0.0337501436651
52.0718982333	3.58621913812e-06	-0.0336496464251	3.58621913812e-06	-0.0336496464251
52.2289778659	3.56544205297e-06	-0.0335497421432	3.56544205297e-06	-0.0335497421432
52.3860574986	3.54484282567e-06	-0.0334504256195	3.54484282567e-06	-0.0334504256195
52.5431371313	3.52441945727e-06	-0.0333516917143	3.52441945727e-06	-0.0333516917143
52.700216764	3.50416997646e-06	-0.0332535353473	3.50416997646e-06	-0.0332535353473
52.8572963966	3.48409243913e-06	-0.0331559514966	3.48409243913e-06	-0.0331559514966
53.0143760293	3.46418492789e-06	-0.0330589351982	3.46418492789e-06	-0.0330589351982
53.171455662	3.44444555168e-06	-0.032962481545	3.44444555168e-06	-0.032962481545
53.3285352947	3.42487244531e-06	-0.0328665856857	3.42487244531e-06	-0.0328665856857
53.4856149274	3.40546376906e-06	-0.0327712428246	3.40546376906e-06	-0.0327712428246
53.64269456	3.38621770827e-06	-0.0326764482202	3.38621770827e-06	-0.0326764482202
53.7997741927	3.36713247293e-06	-0.0325821971851	3.36713247293e-06	-0.0325821971851
53.9568538254	3.34820629728e-06	-0.0324884850845	3.34820629728e-06	-0.0324884850845
54.1139334581	3.32943743943e-06	-0.032395307336	3.32943743943e-06	-0.032395307336
54.2710130908	3.31082418099e-06	-0.0323026594088	3.31082418099e-06	-0.0323026594088
54.4280927234	3.29236482667e-06	-0.0322105368227	3.29236482667e-06	-0.0322105368227
54.5851723561	3.27405770393e-06	-0.0321189351477	3.27405770393e-06	-0.0321189351477
54.7422519888	3.25590116261e-06	-0.0320278500031	3.25590116261e-06	-0.0320278500031
54.8993316215	3.23789357458e-06	-0.0319372770571	3.23789357458e-06	-0.0319372770571
55.0564112542	3.22003333342e-06	-0.0318472120257	3.22003333342e-06	-0.0318472120257
55.2134908868	3.20231885402e-06	-0.0317576506723	3.20231885402e-06	-0.0317576506723
55.3705705195	3.1847485723e-06	-0.0316685888073	3.1847485723e-06	-0.0316685888073
55.5276501522	3.16732094484e-06	-0.0315800222868	3.16732094484e-06	-0.0315800222868
55.6847297849	3.15003444859e-06	-0.0314919470127	3.15003444859e-06	-0.0314919470127
55.8418094176	3.13288758054e-06	-0.0314043589314	3.13288758054e-06	-0.0314043589314
55.9988890502	3.11587885738e-06	-0.0313172540338	3.11587885738e-06	-0.0313172540338
56.1559686829	3.09900681525e-06	-0.0312306283543	3.09900681525e-06	-0.0312306283543
56.3130483156	3.0822700094e-06	-0.0311444779705	3.0822700094e-06	-0.0311444779705
56.4701279483	3.0656670139e-06	-0.0310587990022	3.0656670139e-06	-0.0310587990022
56.627207581	3.04919642137e-06	-0.0309735876114	3.04919642137e-06	-0.0309735876114
56.7842872136	3.03285684264e-06	-0.0308888400011	3.03285684264e-06	-0.0308888400011
56.9413668463	3.01664690656e-06	-0.0308045524153	3.01664690656e-06	-0.0308045524153
57.098446479	3.00056525965e-06	-0.0307207211383	3.00056525965e-06	-0.0307207211383
57.2555261117	2.98461056584e-06	-0.0306373424939	2.98461056584e-06	-0.0306373424939
57.4126057444	2.96878150624e-06	-0.0305544128453	2.96878150624e-06	-0.0305544128453
57.569685377	2.95307677885e-06	-0.030471928594	2.95307677885e-06	-0.030471928594
57.7267650097	2.93749509832e-06	-0.0303898861801	2.93749509832e-06	-0.0303898861801
57.8838446424	2.92203519568e-06	-0.0303082820811	2.92203519568e-06	-0.0303082820811
58.0409242751	2.9066958181e-06	-0.0302271128115	2.9066958181e-06	-0.0302271128115
58.1980039078	2.89147572867e-06	-0.0301463749229	2.89147572867e-06	-0.0301463749229
58.3550835404	2.87637370613e-06	-0.0300660650027	2.87637370613e-06	-0.0300660650027
58.5121631731	2.86138854463e-06	-0.0299861796743	2.86138854463e-06	-0.0299861796743
58.6692428058	2.84651905353e-06	-0.029906715596	2.84651905353e-06	-0.029906715596
58.8263224385	2.83176405717e-06	-0.0298276694612	2.83176405717e-06	-0.0298276694612
58.9834020711	2.81712239462e-06	-0.0297490379977	2.81712239462e-06	-0.0297490379977
59.1404817038	2.80259291948e-06	-0.0296708179669	2.80259291948e-06	-0.0296708179669
59.2975613365	2.78817449966e-06	-0.0295930061639	2.78817449966e-06	-0.0295930061639
59.4546409692	2.77386601718e-06	-0.0295155994168	2.77386601718e-06	-0.0295155994168
59.6117206019	2.75966636795e-06	-0.0294385945862	2.75966636795e-06	-0.0294385945862
59.7688002345	2.74557446155e-06	-0.0293619885651	2.74557446155e-06	-0.0293619885651
59.9258798672	2.73158922108e-06	-0.0292857782782	2.73158922108e-06	-0.0292857782782
60.0829594999	2.71770958289e-06	-0.0292099606815	2.71770958289e-06	-0.0292099606815
60.2400391326	2.70393449645e-06	-0.0291345327621	2.70393449645e-06	-0.0291345327621
60.3971187653	2.69026292413e-06	-0.0290594915377	2.69026292413e-06	-0.0290594915377
60.5541983979	2.67669384103e-06	-0.0289848340561	2.67669384103e-06	-0.0289848340561
60.7112780306	2.66322623474e-06	-0.0289105573951	2.66322623474e-06	-0.0289105573951
60.8683576633	2.64985910524e-06	-0.0288366586618	2.64985910524e-06	-0.0288366586618
61.025437296	2.63659146466e-06	-0.0287631349925	2.63659146466e-06	-0.0287631349925
61.1825169287	2.62342233714e-06	-0.0286899835523	2.62342233714e-06	-0.0286899835523
61.3395965613	2.61035075864e-06	-0.0286172015344	2.61035075864e-06	-0.0286172015344
61.496676194	2.59737577676e-06	-0.0285447861602	2.59737577676e-06	-0.0285447861602
61.6537558267	2.58449645061e-06	-0.0284727346788	2.58449645061e-06	-0.0284727346788
61.8108354594	2.57171185059e-06	-0.0284010443666	2.57171185059e-06	-0.0284010443666
61.9679150921	2.55902105828e-06	-0.0283297125269	2.55902105828e-06	-0.0283297125269
62.1249947247	2.54642316628e-06	-0.0282587364898	2.54642316628e-06	-0.0282587364898
62.2820743574	2.533917278e-06	-0.0281881136116	2.533917278e-06	-0.0281881136116
62.4391539901	2.52150250756e-06	-0.0281178412747	2.52150250756e-06	-0.0281178412747
62.5962336228	2.50917797963e-06	-0.0280479168872	2.50917797963e-06	-0.0280479168872
62.7533132555	2.49694282924e-06	-0.0279783378824	2.49694282924e-06	-0.0279783378824
62.9103928881	2.4847962017e-06	-0.027909101719	2.4847962017e-06	-0.027909101719
63.0674725208	2.47273725241e-06	-0.0278402058802	2.47273725241e-06	-0.0278402058802
63.2245521535	2.46076514672e-06	-0.0277716478737	2.46076514672e-06	-0.0277716478737
63.3816317862	2.44887905982e-06	-0.0277034252315	2.44887905982e-06	-0.0277034252315
63.5387114189	2.43707817656e-06	-0.0276355355094	2.43707817656e-06	-0.0276355355094
63.6957910515	2.42536169136e-06	-0.0275679762867	2.42536169136e-06	-0.0275679762867
63.8528706842	2.41372880804e-06	-0.0275007451661	2.41372880804e-06	-0.0275007451661
64.0099503169	2.40217873972e-06	-0.0274338397734	2.40217873972e-06	-0.0274338397734
64.1670299496	2.39071070866e-06	-0.0273672577571	2.39071070866e-06	-0.0273672577571
64.3241095823	2.37932394617e-06	-0.0273009967882	2.37932394617e-06	-0.0273009967882
64.4811892149	2.36801769246e-06	-0.0272350545598	2.36801769246e-06	-0.0272350545598
64.6382688476	2.35679119652e-06	-0.0271694287871	2.35679119652e-06	-0.0271694287871
64.7953484803	2.34564371599e-06	-0.027104117207	2.34564371599e-06	-0.027104117207
64.952428113	2.33457451708e-06	-0.0270391175777	2.33457451708e-06	-0.0270391175777
65.1095077456	2.32358287442e-06	-0.0269744276787	2.32358287442e-06	-0.0269744276787
65.2665873783	2.31266807094e-06	-0.0269100453104	2.31266807094e-06	-0.0269100453104
65.423667011	2.30182939779e-06	-0.026845968294	2.30182939779e-06	-0.026845968294
65.5807466437	2.29106615418e-06	-0.026782194471	2.29106615418e-06	-0.026782194471
65.7378262764	2.28037764734e-06	-0.0267187217032	2.28037764734e-06	-0.0267187217032
65.894905909	2.26976319234e-06	-0.0266555478723	2.26976319234e-06	-0.0266555478723
66.0519855417	2.25922211201e-06	-0.0265926708799	2.25922211201e-06	-0.0265926708799
66.2090651744	2.24875373688e-06	-0.026530088647	2.24875373688e-06	-0.026530088647
66.3661448071	2.23835740499e-06	-0.0264677991138	2.23835740499e-06	-0.0264677991138
66.5232244398	2.22803246187e-06	-0.0264058002398	2.22803246187e-06	-0.0264058002398
66.6803040724	2.21777826038e-06	-0.0263440900032	2.21777826038e-06	-0.0263440900032
66.8373837051	2.20759416068e-06	-0.0262826664009	2.20759416068e-06	-0.0262826664009
66.9944633378	2.19747953004e-06	-0.0262215274482	2.19747953004e-06	-0.0262215274482
67.1515429705	2.18743374283e-06	-0.0261606711785	2.18743374283e-06	-0.0261606711785
67.3086226032	2.17745618038e-06	-0.0261000956434	2.17745618038e-06	-0.0261000956434
67.4657022358	2.16754623092e-06	-0.0260397989122	2.16754623092e-06	-0.0260397989122
67.6227818685	2.15770328944e-06	-0.0259797790718	2.15770328944e-06	-0.0259797790718
67.7798615012	2.14792675765e-06	-0.0259200342265	2.14792675765e-06	-0.0259200342265
67.9369411339	2.13821604387e-06	-0.0258605624978	2.13821604387e-06	-0.0258605624978
68.0940207666	2.12857056293e-06	-0.0258013620241	2.12857056293e-06	-0.0258013620241
68.2511003992	2.11898973612e-06	-0.0257424309609	2.11898973612e-06	-0.0257424309609
68.4081800319	2.10947299108e-06	-0.02568376748	2.10947299108e-06	-0.02568376748
68.5652596646	2.10001976172e-06	-0.0256253697699	2.10001976172e-06	-0.0256253697699
68.7223392973	2.09062948813e-06	-0.0255672360352	2.09062948813e-06	-0.0255672360352
68.87941893	2.08130161652e-06	-0.0255093644966	2.08130161652e-06	-0.0255093644966
69.0364985626	2.07203559915e-06	-0.0254517533907	2.07203559915e-06	-0.0254517533907
69.1935781953	2.0628308942e-06	-0.0253944009699	2.0628308942e-06	-0.0253944009699
69.350657828	2.05368696575e-06	-0.0253373055021	2.05368696575e-06	-0.0253373055021
69.5077374607	2.04460328367e-06	-0.0252804652704	2.04460328367e-06	-0.0252804652704
69.6648170934	2.03557932355e-06	-0.0252238785735	2.03557932355e-06	-0.0252238785735
69.821896726	2.02661456665e-06	-0.0251675437247	2.02661456665e-06	-0.0251675437247
69.9789763587	2.0177084998e-06	-0.0251114590525	2.0177084998e-06	-0.0251114590525
70.1360559914	2.00886061533e-06	-0.0250556228999	2.00886061533e-06	-0.0250556228999
70.2931356241	2.00007041103e-06	-0.0250000336245	2.00007041103e-06	-0.0250000336245
70.4502152568	1.99133739004e-06	-0.0249446895985	1.99133739004e-06	-0.0249446895985
70.6072948894	1.98266106081e-06	-0.0248895892079	1.98266106081e-06	-0.0248895892079
70.7643745221	1.97404093702e-06	-0.0248347308532	1.97404093702e-06	-0.0248347308532
70.9214541548	1.96547653752e-06	-0.0247801129487	1.96547653752e-06	-0.0247801129487
71.0785337875	1.95696738626e-06	-0.0247257339222	1.95696738626e-06	-0.0247257339222
71.2356134201	1.94851301223e-06	-0.0246715922156	1.94851301223e-06	-0.0246715922156
71.3926930528	1.94011294939e-06	-0.0246176862838	1.94011294939e-06	-0.0246176862838
71.5497726855	1.93176673662e-06	-0.0245640145955	1.93176673662e-06	-0.0245640145955
71.7068523182	1.92347391764e-06	-0.0245105756322	1.92347391764e-06	-0.0245105756322
71.8639319509	1.91523404097e-06	-0.0244573678886	1.91523404097e-06	-0.0244573678886
72.0210115835	1.90704665985e-06	-0.0244043898725	1.90704665985e-06	-0.0244043898725
72.1780912162	1.89891133221e-06	-0.0243516401041	1.89891133221e-06	-0.0243516401041
72.3351708489	1.89082762056e-06	-0.0242991171165	1.89082762056e-06	-0.0242991171165
72.4922504816	1.88279509199e-06	-0.0242468194553	1.88279509199e-06	-0.0242468194553
72.6493301143	1.8748133181e-06	-0.0241947456782	1.8748133181e-06	-0.0241947456782
72.8064097469	1.8668818749e-06	-0.0241428943556	1.8668818749e-06	-0.0241428943556
72.9634893796	1.85900034281e-06	-0.0240912640695	1.85900034281e-06	-0.0240912640695
73.1205690123	1.85116830659e-06	-0.0240398534144	1.85116830659e-06	-0.0240398534144
73.277648645	1.84338535527e-06	-0.0239886609962	1.84338535527e-06	-0.0239886609962
73.4347282777	1.83565108211e-06	-0.0239376854327	1.83565108211e-06	-0.0239376854327
73.5918079103	1.82796508454e-06	-0.0238869253535	1.82796508454e-06	-0.0238869253535
73.748887543	1.82032696415e-06	-0.0238363793994	1.82032696415e-06	-0.0238363793994
73.9059671757	1.81273632655e-06	-0.0237860462227	1.81273632655e-06	-0.0237860462227
74.0630468084	1.80519278144e-06	-0.023735924487	1.80519278144e-06	-0.023735924487
74.2201264411	1.79769594244e-06	-0.0236860128669	1.79769594244e-06	-0.0236860128669
74.3772060737	1.79024542714e-06	-0.0236363100482	1.79024542714e-06	-0.0236363100482
74.5342857064	1.78284085699e-06	-0.0235868147273	1.78284085699e-06	-0.0235868147273
74.6913653391	1.77548185728e-06	-0.0235375256118	1.77548185728e-06	-0.0235375256118
74.8484449718	1.76816805709e-06	-0.0234884414197	1.76816805709e-06	-0.0234884414197
75.0055246045	1.76089908925e-06	-0.0234395608796	1.76089908925e-06	-0.0234395608796
75.1626042371	1.75367459026e-06	-0.0233908827306	1.75367459026e-06	-0.0233908827306
75.3196838698	1.74649420032e-06	-0.0233424057223	1.74649420032e-06	-0.0233424057223
75.4767635025	1.7393575632e-06	-0.0232941286142	1.7393575632e-06	-0.0232941286142
75.6338431352	1.73226432625e-06	-0.0232460501763	1.73226432625e-06	-0.0232460501763
75.7909227679	1.72521414035e-06	-0.0231981691884	1.72521414035e-06	-0.0231981691884
75.9480024005	1.71820665985e-06	-0.0231504844405	1.71820665985e-06	-0.0231504844405
76.1050820332	1.71124154256e-06	-0.023102994732	1.71124154256e-06	-0.023102994732
76.2621616659	1.70431844967e-06	-0.0230556988726	1.70431844967e-06	-0.0230556988726
76.4192412986	1.69743704575e-06	-0.0230085956812	1.69743704575e-06	-0.0230085956812
76.5763209313	1.69059699867e-06	-0.0229616839865	1.69059699867e-06	-0.0229616839865
76.7334005639	1.68379797959e-06	-0.0229149626265	1.68379797959e-06	-0.0229149626265
76.8904801966	1.67703966292e-06	-0.0228684304485	1.67703966292e-06	-0.0228684304485
77.0475598293	1.67032172626e-06	-0.0228220863094	1.67032172626e-06	-0.0228220863094
77.204639462	1.6636438504e-06	-0.0227759290748	1.6636438504e-06	-0.0227759290748
77.3617190946	1.65700571923e-06	-0.0227299576197	1.65700571923e-06	-0.0227299576197
77.5187987273	1.65040701977e-06	-0.0226841708281	1.65040701977e-06	-0.0226841708281
77.67587836	1.64384744205e-06	-0.0226385675926	1.64384744205e-06	-0.0226385675926
77.8329579927	1.63732667917e-06	-0.0225931468149	1.63732667917e-06	-0.0225931468149
77.9900376254	1.63084442718e-06	-0.0225479074054	1.63084442718e-06	-0.0225479074054
78.147117258	1.62440038511e-06	-0.0225028482829	1.62440038511e-06	-0.0225028482829
78.3041968907	1.61799425489e-06	-0.022457968375	1.61799425489e-06	-0.022457968375
78.4612765234	1.61162574134e-06	-0.0224132666176	1.61162574134e-06	-0.0224132666176
78.6183561561	1.60529455213e-06	-0.0223687419552	1.60529455213e-06	-0.0223687419552
78.7754357888	1.59900039776e-06	-0.0223243933403	1.59900039776e-06	-0.0223243933403
78.9325154214	1.5927429915e-06	-0.0222802197338	1.5927429915e-06	-0.0222802197338
79.0895950541	1.58652204937e-06	-0.0222362201048	1.58652204937e-06	-0.0222362201048
79.2466746868	1.58033729013e-06	-0.0221923934303	1.58033729013e-06	-0.0221923934303
79.4037543195	1.57418843523e-06	-0.0221487386954	1.57418843523e-06	-0.0221487386954
79.5608339522	1.56807520877e-06	-0.022105254893	1.56807520877e-06	-0.022105254893
79.7179135848	1.56199733748e-06	-0.0220619410239	1.56199733748e-06	-0.0220619410239
79.8749932175	1.55595455071e-06	-0.0220187960967	1.55595455071e-06	-0.0220187960967
80.0320728502	1.54994658035e-06	-0.0219758191275	1.54994658035e-06	-0.0219758191275
80.1891524829	1.54397316087e-06	-0.0219330091403	1.54397316087e-06	-0.0219330091403
80.3462321156	1.53803402921e-06	-0.0218903651662	1.53803402921e-06	-0.0218903651662
80.5033117482	1.53212892483e-06	-0.0218478862442	1.53212892483e-06	-0.0218478862442
80.6603913809	1.52625758964e-06	-0.0218055714205	1.52625758964e-06	-0.0218055714205
80.8174710136	1.52041976796e-06	-0.0217634197484	1.52041976796e-06	-0.0217634197484
80.9745506463	1.51461520654e-06	-0.0217214302889	1.51461520654e-06	-0.0217214302889
81.131630279	1.50884365449e-06	-0.0216796021097	1.50884365449e-06	-0.0216796021097
81.2887099116	1.50310486326e-06	-0.0216379342861	1.50310486326e-06	-0.0216379342861
81.4457895443	1.49739858665e-06	-0.0215964258999	1.49739858665e-06	-0.0215964258999
81.602869177	1.49172458072e-06	-0.0215550760403	1.49172458072e-06	-0.0215550760403
81.7599488097	1.48608260384e-06	-0.0215138838032	1.48608260384e-06	-0.0215138838032
81.9170284424	1.48047241661e-06	-0.0214728482915	1.48047241661e-06	-0.0214728482915
82.074108075	1.47489378183e-06	-0.0214319686147	1.47489378183e-06	-0.0214319686147
82.2311877077	1.46934646453e-06	-0.0213912438891	1.46934646453e-06	-0.0213912438891
82.3882673404	1.46383023189e-06	-0.0213506732377	1.46383023189e-06	-0.0213506732377
82.5453469731	1.45834485324e-06	-0.02131025579	1.45834485324e-06	-0.02131025579
82.7024266058	1.45289010006e-06	-0.021269990682	1.45289010006e-06	-0.021269990682
82.8595062384	1.44746574591e-06	-0.0212298770564	1.44746574591e-06	-0.0212298770564
83.0165858711	1.44207156641e-06	-0.0211899140619	1.44207156641e-06	-0.0211899140619
83.1736655038	1.43670733928e-06	-0.021150100854	1.43670733928e-06	-0.021150100854
83.3307451365	1.43137284423e-06	-0.0211104365942	1.43137284423e-06	-0.0211104365942
83.4878247691	1.42606786302e-06	-0.0210709204504	1.42606786302e-06	-0.0210709204504
83.6449044018	1.42079217937e-06	-0.0210315515963	1.42079217937e-06	-0.0210315515963
83.8019840345	1.41554557898e-06	-0.0209923292123	1.41554557898e-06	-0.0209923292123
83.9590636672	1.41032784949e-06	-0.0209532524844	1.41032784949e-06	-0.0209532524844
84.1161432999	1.40513878048e-06	-0.0209143206048	1.40513878048e-06	-0.0209143206048
84.2732229325	1.39997816342e-06	-0.0208755327715	1.39997816342e-06	-0.0208755327715
84.4303025652	1.39484579166e-06	-0.0208368881887	1.39484579166e-06	-0.0208368881887
84.5873821979	1.38974146042e-06	-0.020798386066	1.38974146042e-06	-0.020798386066
84.7444618306	1.38466496678e-06	-0.0207600256192	1.38466496678e-06	-0.0207600256192
84.9015414633	1.37961610962e-06	-0.0207218060696	1.37961610962e-06	-0.0207218060696
85.0586210959	1.37459468964e-06	-0.0206837266442	1.37459468964e-06	-0.0206837266442
85.2157007286	1.3696005093e-06	-0.0206457865758	1.3696005093e-06	-0.0206457865758
85.3727803613	1.36463337287e-06	-0.0206079851025	1.36463337287e-06	-0.0206079851025
85.529859994	1.35969308632e-06	-0.0205703214681	1.35969308632e-06	-0.0205703214681
85.6869396267	1.35477945737e-06	-0.0205327949219	1.35477945737e-06	-0.0205327949219
85.8440192593	1.34989229546e-06	-0.0204954047186	1.34989229546e-06	-0.0204954047186
86.001098892	1.34503141171e-06	-0.0204581501182	1.34503141171e-06	-0.0204581501182
86.1581785247	1.34019661891e-06	-0.0204210303862	1.34019661891e-06	-0.0204210303862
86.3152581574	1.33538773152e-06	-0.0203840447931	1.33538773152e-06	-0.0203840447931
86.4723377901	1.33060456562e-06	-0.020347192615	1.33060456562e-06	-0.020347192615
86.6294174227	1.32584693893e-06	-0.0203104731329	1.32584693893e-06	-0.0203104731329
86.7864970554	1.32111467077e-06	-0.0202738856331	1.32111467077e-06	-0.0202738856331
86.9435766881	1.31640758204e-06	-0.0202374294069	1.31640758204e-06	-0.0202374294069
87.1006563208	1.31172549521e-06	-0.0202011037508	1.31172549521e-06	-0.0202011037508
87.2577359535	1.30706823433e-06	-0.0201649079661	1.30706823433e-06	-0.0201649079661
87.4148155861	1.30243562495e-06	-0.0201288413592	1.30243562495e-06	-0.0201288413592
87.5718952188	1.29782749417e-06	-0.0200929032414	1.29782749417e-06	-0.0200929032414
87.7289748515	1.29324367059e-06	-0.0200570929289	1.29324367059e-06	-0.0200570929289
87.8860544842	1.2886839843e-06	-0.0200214097426	1.2886839843e-06	-0.0200214097426
88.0431341169	1.28414826686e-06	-0.0199858530084	1.28414826686e-06	-0.0199858530084
88.2002137495	1.27963635129e-06	-0.0199504220568	1.27963635129e-06	-0.0199504220568
88.3572933822	1.27514807207e-06	-0.0199151162231	1.27514807207e-06	-0.0199151162231
88.5143730149	1.2706832651e-06	-0.0198799348471	1.2706832651e-06	-0.0198799348471
88.6714526476	1.2662417677e-06	-0.0198448772733	1.2662417677e-06	-0.0198448772733
88.8285322803	1.26182341857e-06	-0.019809942851	1.26182341857e-06	-0.019809942851
88.9856119129	1.25742805782e-06	-0.0197751309338	1.25742805782e-06	-0.0197751309338
89.1426915456	1.25305552694e-06	-0.0197404408798	1.25305552694e-06	-0.0197404408798
89.2997711783	1.24870566874e-06	-0.0197058720517	1.24870566874e-06	-0.0197058720517
89.456850811	1.24437832741e-06	-0.0196714238165	1.24437832741e-06	-0.0196714238165
89.6139304436	1.24007334847e-06	-0.0196370955457	1.24007334847e-06	-0.0196370955457
89.7710100763	1.23579057872e-06	-0.0196028866151	1.23579057872e-06	-0.0196028866151
89.928089709	1.23152986631e-06	-0.0195687964048	1.23152986631e-06	-0.0195687964048
90.0851693417	1.22729106065e-06	-0.0195348242992	1.22729106065e-06	-0.0195348242992
90.2422489744	1.22307401244e-06	-0.019500969687	1.22307401244e-06	-0.019500969687
90.399328607	1.21887857364e-06	-0.0194672319609	1.21887857364e-06	-0.0194672319609
90.5564082397	1.21470459747e-06	-0.019433610518	1.21470459747e-06	-0.019433610518
90.7134878724	1.21055193837e-06	-0.0194001047594	1.21055193837e-06	-0.0194001047594
90.8705675051	1.20642045203e-06	-0.0193667140903	1.20642045203e-06	-0.0193667140903
91.0276471378	1.20230999534e-06	-0.0193334379201	1.20230999534e-06	-0.0193334379201
91.1847267704	1.1982204264e-06	-0.019300275662	1.1982204264e-06	-0.019300275662
91.3418064031	1.19415160448e-06	-0.0192672267334	1.19415160448e-06	-0.0192672267334
91.4988860358	1.19010339006e-06	-0.0192342905555	1.19010339006e-06	-0.0192342905555
91.6559656685	1.18607564476e-06	-0.0192014665536	1.18607564476e-06	-0.0192014665536
91.8130453012	1.18206823137e-06	-0.0191687541566	1.18206823137e-06	-0.0191687541566
91.9701249338	1.17808101381e-06	-0.0191361527976	1.17808101381e-06	-0.0191361527976
92.1272045665	1.17411385715e-06	-0.0191036619134	1.17411385715e-06	-0.0191036619134
92.2842841992	1.17016662756e-06	-0.0190712809445	1.17016662756e-06	-0.0190712809445
92.4413638319	1.16623919234e-06	-0.0190390093352	1.16623919234e-06	-0.0190390093352
92.5984434646	1.16233141987e-06	-0.0190068465336	1.16233141987e-06	-0.0190068465336
92.7555230972	1.15844317962e-06	-0.0189747919916	1.15844317962e-06	-0.0189747919916
92.9126027299	1.15457434216e-06	-0.0189428451644	1.15457434216e-06	-0.0189428451644
93.0696823626	1.1507247791e-06	-0.0189110055112	1.1507247791e-06	-0.0189110055112
93.2267619953	1.14689436311e-06	-0.0188792724947	1.14689436311e-06	-0.0188792724947
93.383841628	1.14308296792e-06	-0.0188476455811	1.14308296792e-06	-0.0188476455811
93.5409212606	1.13929046828e-06	-0.0188161242403	1.13929046828e-06	-0.0188161242403
93.6980008933	1.13551673998e-06	-0.0187847079455	1.13551673998e-06	-0.0187847079455
93.855080526	1.1317616598e-06	-0.0187533961736	1.1317616598e-06	-0.0187533961736
94.0121601587	1.12802510555e-06	-0.0187221884049	1.12802510555e-06	-0.0187221884049
94.1692397914	1.12430695603e-06	-0.018691084123	1.12430695603e-06	-0.018691084123
94.326319424	1.12060709102e-06	-0.0186600828152	1.12060709102e-06	-0.0186600828152
94.4833990567	1.11692539128e-06	-0.0186291839719	1.11692539128e-06	-0.0186291839719
94.6404786894	1.11326173853e-06	-0.0185983870869	1.11326173853e-06	-0.0185983870869
94.7975583221	1.10961601546e-06	-0.0185676916574	1.10961601546e-06	-0.0185676916574
94.9546379548	1.1059881057e-06	-0.0185370971838	1.1059881057e-06	-0.0185370971838
95.1117175874	1.10237789381e-06	-0.01850660317	1.10237789381e-06	-0.01850660317
95.2687972201	1.09878526531e-06	-0.0184762091229	1.09878526531e-06	-0.0184762091229
95.4258768528	1.0952101066e-06	-0.0184459145526	1.0952101066e-06	-0.0184459145526
95.5829564855	1.09165230502e-06	-0.0184157189725	1.09165230502e-06	-0.0184157189725
95.7400361181	1.08811174881e-06	-0.0183856218992	1.08811174881e-06	-0.0183856218992
95.8971157508	1.08458832711e-06	-0.0183556228523	1.08458832711e-06	-0.0183556228523
96.0541953835	1.08108192992e-06	-0.0183257213547	1.08108192992e-06	-0.0183257213547
96.2112750162	1.07759244814e-06	-0.0182959169321	1.07759244814e-06	-0.0182959169321
96.3683546489	1.07411977354e-06	-0.0182662091136	1.07411977354e-06	-0.0182662091136
96.5254342815	1.07066379875e-06	-0.0182365974311	1.07066379875e-06	-0.0182365974311
96.6825139142	1.06722441723e-06	-0.0182070814195	1.06722441723e-06	-0.0182070814195
96.8395935469	1.06380152333e-06	-0.0181776606169	1.06380152333e-06	-0.0181776606169
96.9966731796	1.06039501219e-06	-0.0181483345642	1.06039501219e-06	-0.0181483345642
97.1537528123	1.05700477981e-06	-0.0181191028053	1.05700477981e-06	-0.0181191028053
97.3108324449	1.05363072299e-06	-0.0180899648869	1.05363072299e-06	-0.0180899648869
97.4679120776	1.05027273937e-06	-0.0180609203588	1.05027273937e-06	-0.0180609203588
97.6249917103	1.04693072737e-06	-0.0180319687734	1.04693072737e-06	-0.0180319687734
97.782071343	1.04360458622e-06	-0.0180031096864	1.04360458622e-06	-0.0180031096864
97.9391509757	1.04029421593e-06	-0.0179743426557	1.04029421593e-06	-0.0179743426557
98.0962306083	1.03699951732e-06	-0.0179456672426	1.03699951732e-06	-0.0179456672426
98.253310241	1.03372039196e-06	-0.0179170830108	1.03372039196e-06	-0.0179170830108
98.4103898737	1.03045674219e-06	-0.0178885895268	1.03045674219e-06	-0.0178885895268
98.5674695064	1.02720847112e-06	-0.0178601863601	1.02720847112e-06	-0.0178601863601
98.7245491391	1.02397548262e-06	-0.0178318730827	1.02397548262e-06	-0.0178318730827
98.8816287717	1.0207576813e-06	-0.0178036492692	1.0207576813e-06	-0.0178036492692
99.0387084044	1.0175549725e-06	-0.0177755144971	1.0175549725e-06	-0.0177755144971
99.1957880371	1.01436726232e-06	-0.0177474683464	1.01436726232e-06	-0.0177474683464
99.3528676698	1.01119445756e-06	-0.0177195103998	1.01119445756e-06	-0.0177195103998
99.5099473025	1.00803646575e-06	-0.0176916402427	1.00803646575e-06	-0.0176916402427
99.6670269351	1.00489319514e-06	-0.0176638574628	1.00489319514e-06	-0.0176638574628
99.8241065678	1.00176455468e-06	-0.0176361616507	1.00176455468e-06	-0.0176361616507
99.9811862005	9.98650454025e-07	-0.0176085523994	9.98650454025e-07	-0.0176085523994
100.138265833	9.95550803517e-07	-0.0175810293044	9.95550803517e-07	-0.0175810293044
100.295345466	9.92465514192e-07	-0.0175535919637	9.92465514192e-07	-0.0175535919637
100.452425099	9.89394497764e-07	-0.017526239978	9.89394497764e-07	-0.017526239978
100.609504731	9.86337666624e-07	-0.0174989729502	9.86337666624e-07	-0.0174989729502
100.766584364	9.8329493383e-07	-0.0174717904858	9.8329493383e-07	-0.0174717904858
100.923663997	9.80266213106e-07	-0.0174446921927	9.80266213106e-07	-0.0174446921927
101.080743629	9.77251418828e-07	-0.0174176776812	9.77251418828e-07	-0.0174176776812
101.237823262	9.74250466027e-07	-0.0173907465641	9.74250466027e-07	-0.0173907465641
101.394902895	9.71263270377e-07	-0.0173638984564	9.71263270377e-07	-0.0173638984564
101.551982527	9.68289748191e-07	-0.0173371329756	9.68289748191e-07	-0.0173371329756
101.70906216	9.65329816417e-07	-0.0173104497415	9.65329816417e-07	-0.0173104497415
101.866141793	9.62383392629e-07	-0.0172838483763	9.62383392629e-07	-0.0172838483763
102.023221425	9.59450395022e-07	-0.0172573285043	9.59450395022e-07	-0.0172573285043
102.180301058	9.5653074241e-07	-0.0172308897523	9.5653074241e-07	-0.0172308897523
102.337380691	9.53624354216e-07	-0.0172045317493	9.53624354216e-07	-0.0172045317493
102.494460323	9.50731150467e-07	-0.0171782541266	9.50731150467e-07	-0.0171782541266
102.651539956	9.47851051793e-07	-0.0171520565176	9.47851051793e-07	-0.0171520565176
102.808619589	9.44983979417e-07	-0.017125938558	9.44983979417e-07	-0.017125938558
102.965699221	9.4212985515e-07	-0.0170998998858	9.4212985515e-07	-0.0170998998858
103.122778854	9.39288601389e-07	-0.0170739401411	9.39288601389e-07	-0.0170739401411
103.279858487	9.36460141107e-07	-0.0170480589661	9.36460141107e-07	-0.0170480589661
103.436938119	9.33644397854e-07	-0.0170222560053	9.33644397854e-07	-0.0170222560053
103.594017752	9.30841295744e-07	-0.0169965309052	9.30841295744e-07	-0.0169965309052
103.751097385	9.28050759459e-07	-0.0169708833146	9.28050759459e-07	-0.0169708833146
103.908177017	9.25272714236e-07	-0.0169453128842	9.25272714236e-07	-0.0169453128842
104.06525665	9.22507085867e-07	-0.0169198192669	9.22507085867e-07	-0.0169198192669
104.222336283	9.19753800692e-07	-0.0168944021177	9.19753800692e-07	-0.0168944021177
104.379415916	9.17012785596e-07	-0.0168690610936	9.17012785596e-07	-0.0168690610936
104.536495548	9.14283968001e-07	-0.0168437958536	9.14283968001e-07	-0.0168437958536
104.693575181	9.11567275863e-07	-0.016818606059	9.11567275863e-07	-0.016818606059
104.850654814	9.0886263767e-07	-0.0167934913727	9.0886263767e-07	-0.0167934913727
105.007734446	9.06169982432e-07	-0.01676845146	9.06169982432e-07	-0.01676845146
105.164814079	9.03489239682e-07	-0.0167434859878	9.03489239682e-07	-0.0167434859878
105.321893712	9.00820339466e-07	-0.0167185946253	9.00820339466e-07	-0.0167185946253
105.478973344	8.98163212342e-07	-0.0166937770435	8.98163212342e-07	-0.0166937770435
105.636052977	8.95517789375e-07	-0.0166690329154	8.95517789375e-07	-0.0166690329154
105.79313261	8.92884002133e-07	-0.0166443619158	8.92884002133e-07	-0.0166443619158
105.950212242	8.90261782681e-07	-0.0166197637215	8.90261782681e-07	-0.0166197637215
106.107291875	8.87651063577e-07	-0.0165952380114	8.87651063577e-07	-0.0165952380114
106.264371508	8.8505177787e-07	-0.0165707844658	8.8505177787e-07	-0.0165707844658
106.42145114	8.82463859093e-07	-0.0165464027674	8.82463859093e-07	-0.0165464027674
106.578530773	8.79887241258e-07	-0.0165220926003	8.79887241258e-07	-0.0165220926003
106.735610406	8.77321858858e-07	-0.0164978536509	8.77321858858e-07	-0.0164978536509
106.892690038	8.74767646855e-07	-0.016473685607	8.74767646855e-07	-0.016473685607
107.049769671	8.72224540681e-07	-0.0164495881585	8.72224540681e-07	-0.0164495881585
107.206849304	8.69692476232e-07	-0.016425560997	8.69692476232e-07	-0.016425560997
107.363928936	8.67171389865e-07	-0.0164016038159	8.67171389865e-07	-0.0164016038159
107.521008569	8.64661218394e-07	-0.0163777163104	8.64661218394e-07	-0.0163777163104
107.678088202	8.62161899082e-07	-0.0163538981773	8.62161899082e-07	-0.0163538981773
107.835167834	8.59673369647e-07	-0.0163301491155	8.59673369647e-07	-0.0163301491155
107.992247467	8.57195568246e-07	-0.0163064688253	8.57195568246e-07	-0.0163064688253
108.1493271	8.54728433481e-07	-0.016282857009	8.54728433481e-07	-0.016282857009
108.306406733	8.52271904389e-07	-0.0162593133703	8.52271904389e-07	-0.0162593133703
108.463486365	8.49825920443e-07	-0.0162358376149	8.49825920443e-07	-0.0162358376149
108.620565998	8.47390421543e-07	-0.0162124294501	8.47390421543e-07	-0.0162124294501
108.777645631	8.44965348018e-07	-0.0161890885848	8.44965348018e-07	-0.0161890885848
108.934725263	8.42550640617e-07	-0.0161658147295	8.42550640617e-07	-0.0161658147295
109.091804896	8.40146240512e-07	-0.0161426075967	8.40146240512e-07	-0.0161426075967
109.248884529	8.37752089286e-07	-0.0161194669001	8.37752089286e-07	-0.0161194669001
109.405964161	8.35368128938e-07	-0.0160963923554	8.35368128938e-07	-0.0160963923554
109.563043794	8.32994301873e-07	-0.0160733836797	8.32994301873e-07	-0.0160733836797
109.720123427	8.30630550902e-07	-0.0160504405918	8.30630550902e-07	-0.0160504405918
109.877203059	8.28276819237e-07	-0.016027562812	8.28276819237e-07	-0.016027562812
110.034282692	8.25933050491e-07	-0.0160047500624	8.25933050491e-07	-0.0160047500624
110.191362325	8.23599188669e-07	-0.0159820020663	8.23599188669e-07	-0.0159820020663
110.348441957	8.21275178169e-07	-0.0159593185489	8.21275178169e-07	-0.0159593185489
110.50552159	8.18960963778e-07	-0.0159366992369	8.18960963778e-07	-0.0159366992369
110.662601223	8.16656490666e-07	-0.0159141438584	8.16656490666e-07	-0.0159141438584
110.819680855	8.14361704388e-07	-0.0158916521432	8.14361704388e-07	-0.0158916521432
110.976760488	8.12076550876e-07	-0.0158692238224	8.12076550876e-07	-0.0158692238224
111.133840121	8.09800976437e-07	-0.0158468586288	8.09800976437e-07	-0.0158468586288
111.290919753	8.07534927754e-07	-0.0158245562967	8.07534927754e-07	-0.0158245562967
111.447999386	8.05278351875e-07	-0.0158023165618	8.05278351875e-07	-0.0158023165618
111.605079019	8.03031196216e-07	-0.0157801391612	8.03031196216e-07	-0.0157801391612
111.762158651	8.00793408559e-07	-0.0157580238337	8.00793408559e-07	-0.0157580238337
111.919238284	7.98564937042e-07	-0.0157359703193	7.98564937042e-07	-0.0157359703193
112.076317917	7.96345730164e-07	-0.0157139783597	7.96345730164e-07	-0.0157139783597
112.233397549	7.94135736776e-07	-0.0156920476978	7.94135736776e-07	-0.0156920476978
112.390477182	7.91934906082e-07	-0.0156701780782	7.91934906082e-07	-0.0156701780782
112.547556815	7.89743187634e-07	-0.0156483692465	7.89743187634e-07	-0.0156483692465
112.704636448	7.87560531331e-07	-0.0156266209502	7.87560531331e-07	-0.0156266209502
112.86171608	7.85386887413e-07	-0.0156049329377	7.85386887413e-07	-0.0156049329377
113.018795713	7.83222206461e-07	-0.0155833049593	7.83222206461e-07	-0.0155833049593
113.175875346	7.81066439394e-07	-0.0155617367663	7.81066439394e-07	-0.0155617367663
113.332954978	7.78919537464e-07	-0.0155402281115	7.78919537464e-07	-0.0155402281115
113.490034611	7.76781452258e-07	-0.0155187787491	7.76781452258e-07	-0.0155187787491
113.647114244	7.74652135688e-07	-0.0154973884345	7.74652135688e-07	-0.0154973884345
113.804193876	7.72531539996e-07	-0.0154760569246	7.72531539996e-07	-0.0154760569246
113.961273509	7.70419617746e-07	-0.0154547839776	7.70419617746e-07	-0.0154547839776
114.118353142	7.68316321825e-07	-0.015433569353	7.68316321825e-07	-0.015433569353
114.275432774	7.66221605435e-07	-0.0154124128115	7.66221605435e-07	-0.0154124128115
114.432512407	7.64135422099e-07	-0.0153913141153	7.64135422099e-07	-0.0153913141153
114.58959204	7.6205772565e-07	-0.0153702730277	7.6205772565e-07	-0.0153702730277
114.746671672	7.59988470233e-07	-0.0153492893136	7.59988470233e-07	-0.0153492893136
114.903751305	7.57927610301e-07	-0.0153283627388	7.57927610301e-07	-0.0153283627388
115.060830938	7.55875100614e-07	-0.0153074930706	7.55875100614e-07	-0.0153074930706
115.21791057	7.53830896236e-07	-0.0152866800775	7.53830896236e-07	-0.0152866800775
115.374990203	7.51794952529e-07	-0.0152659235292	7.51794952529e-07	-0.0152659235292
115.532069836	7.49767225158e-07	-0.0152452231968	7.49767225158e-07	-0.0152452231968
115.689149468	7.47747670081e-07	-0.0152245788525	7.47747670081e-07	-0.0152245788525
115.846229101	7.45736243551e-07	-0.0152039902697	7.45736243551e-07	-0.0152039902697
116.003308734	7.43732902114e-07	-0.0151834572231	7.43732902114e-07	-0.0151834572231
116.160388366	7.41737602602e-07	-0.0151629794887	7.41737602602e-07	-0.0151629794887
116.317467999	7.39750302137e-07	-0.0151425568435	7.39750302137e-07	-0.0151425568435
116.474547632	7.37770958125e-07	-0.0151221890657	7.37770958125e-07	-0.0151221890657
116.631627265	7.35799528254e-07	-0.0151018759349	7.35799528254e-07	-0.0151018759349
116.788706897	7.33835970492e-07	-0.0150816172318	7.33835970492e-07	-0.0150816172318
116.94578653	7.31880243085e-07	-0.015061412738	7.31880243085e-07	-0.015061412738
117.102866163	7.29932304555e-07	-0.0150412622368	7.29932304555e-07	-0.0150412622368
117.259945795	7.27992113698e-07	-0.0150211655121	7.27992113698e-07	-0.0150211655121
117.417025428	7.26059629581e-07	-0.0150011223492	7.26059629581e-07	-0.0150011223492
117.574105061	7.2413481154e-07	-0.0149811325347	7.2413481154e-07	-0.0149811325347
117.731184693	7.22217619179e-07	-0.014961195856	7.22217619179e-07	-0.014961195856
117.888264326	7.20308012367e-07	-0.0149413121018	7.20308012367e-07	-0.0149413121018
118.045343959	7.18405951235e-07	-0.014921481062	7.18405951235e-07	-0.014921481062
118.202423591	7.16511396176e-07	-0.0149017025275	7.16511396176e-07	-0.0149017025275
118.359503224	7.14624307841e-07	-0.0148819762902	7.14624307841e-07	-0.0148819762902
118.516582857	7.12744647139e-07	-0.0148623021433	7.12744647139e-07	-0.0148623021433
118.673662489	7.10872375232e-07	-0.0148426798811	7.10872375232e-07	-0.0148426798811
118.830742122	7.09007453538e-07	-0.0148231092987	7.09007453538e-07	-0.0148231092987
118.987821755	7.07149843723e-07	-0.0148035901925	7.07149843723e-07	-0.0148035901925
119.144901387	7.05299507704e-07	-0.01478412236	7.05299507704e-07	-0.01478412236
119.30198102	7.03456407643e-07	-0.0147647055997	7.03456407643e-07	-0.0147647055997
119.459060653	7.01620505948e-07	-0.014745339711	7.01620505948e-07	-0.014745339711
119.616140285	6.99791765272e-07	-0.0147260244946	6.99791765272e-07	-0.0147260244946
119.773219918	6.97970148506e-07	-0.0147067597521	6.97970148506e-07	-0.0147067597521
119.930299551	6.96155618784e-07	-0.0146875452862	6.96155618784e-07	-0.0146875452862
120.087379183	6.94348139474e-07	-0.0146683809005	6.94348139474e-07	-0.0146683809005
120.244458816	6.92547674184e-07	-0.0146492663997	6.92547674184e-07	-0.0146492663997
120.401538449	6.90754186751e-07	-0.0146302015896	6.90754186751e-07	-0.0146302015896
120.558618082	6.8896764125e-07	-0.0146111862768	6.8896764125e-07	-0.0146111862768
120.715697714	6.8718800198e-07	-0.0145922202692	6.8718800198e-07	-0.0145922202692
120.872777347	6.85415233474e-07	-0.0145733033753	6.85415233474e-07	-0.0145733033753
121.02985698	6.8364930049e-07	-0.014554435405	6.8364930049e-07	-0.014554435405
121.186936612	6.81890168009e-07	-0.0145356161689	6.81890168009e-07	-0.0145356161689
121.344016245	6.80137801239e-07	-0.0145168454786	6.80137801239e-07	-0.0145168454786
121.501095878	6.78392165608e-07	-0.0144981231468	6.78392165608e-07	-0.0144981231468
121.65817551	6.76653226764e-07	-0.0144794489871	6.76653226764e-07	-0.0144794489871
121.815255143	6.74920950573e-07	-0.014460822814	6.74920950573e-07	-0.014460822814
121.972334776	6.73195303118e-07	-0.014442244443	6.73195303118e-07	-0.014442244443
122.129414408	6.71476250698e-07	-0.0144237136905	6.71476250698e-07	-0.0144237136905
122.286494041	6.69763759825e-07	-0.0144052303739	6.69763759825e-07	-0.0144052303739
122.443573674	6.68057797222e-07	-0.0143867943116	6.68057797222e-07	-0.0143867943116
122.600653306	6.66358329822e-07	-0.0143684053227	6.66358329822e-07	-0.0143684053227
122.757732939	6.64665324768e-07	-0.0143500632274	6.64665324768e-07	-0.0143500632274
122.914812572	6.6297874941e-07	-0.0143317678468	6.6297874941e-07	-0.0143317678468
123.071892204	6.61298571302e-07	-0.0143135190028	6.61298571302e-07	-0.0143135190028
123.228971837	6.59624758202e-07	-0.0142953165184	6.59624758202e-07	-0.0142953165184
123.38605147	6.57957278074e-07	-0.0142771602172	6.57957278074e-07	-0.0142771602172
123.543131102	6.56296099077e-07	-0.0142590499239	6.56296099077e-07	-0.0142590499239
123.700210735	6.54641189574e-07	-0.0142409854642	6.54641189574e-07	-0.0142409854642
123.857290368	6.52992518124e-07	-0.0142229666644	6.52992518124e-07	-0.0142229666644
124.01437	6.51350053483e-07	-0.0142049933518	6.51350053483e-07	-0.0142049933518
124.171449633	6.49713764602e-07	-0.0141870653546	6.49713764602e-07	-0.0141870653546
124.328529266	6.48083620624e-07	-0.0141691825018	6.48083620624e-07	-0.0141691825018
124.485608898	6.46459590887e-07	-0.0141513446234	6.46459590887e-07	-0.0141513446234
124.642688531	6.44841644916e-07	-0.0141335515501	6.44841644916e-07	-0.0141335515501
124.799768164	6.43229752428e-07	-0.0141158031134	6.43229752428e-07	-0.0141158031134
124.956847797	6.41623883328e-07	-0.0140980991458	6.41623883328e-07	-0.0140980991458
125.113927429	6.40024007704e-07	-0.0140804394806	6.40024007704e-07	-0.0140804394806
125.271007062	6.38430095832e-07	-0.0140628239518	6.38430095832e-07	-0.0140628239518
125.428086695	6.36842118172e-07	-0.0140452523945	6.36842118172e-07	-0.0140452523945
125.585166327	6.35260045365e-07	-0.0140277246443	6.35260045365e-07	-0.0140277246443
125.74224596	6.33683848232e-07	-0.0140102405378	6.33683848232e-07	-0.0140102405378
125.899325593	6.32113497775e-07	-0.0139927999124	6.32113497775e-07	-0.0139927999124
126.056405225	6.30548965175e-07	-0.0139754026063	6.30548965175e-07	-0.0139754026063
126.213484858	6.28990221788e-07	-0.0139580484585	6.28990221788e-07	-0.0139580484585
126.370564491	6.27437239148e-07	-0.0139407373087	6.27437239148e-07	-0.0139407373087
126.527644123	6.2588998896e-07	-0.0139234689975	6.2588998896e-07	-0.0139234689975
126.684723756	6.24348443107e-07	-0.0139062433664	6.24348443107e-07	-0.0139062433664
126.841803389	6.2281257364e-07	-0.0138890602573	6.2281257364e-07	-0.0138890602573
126.998883021	6.21282352781e-07	-0.0138719195132	6.21282352781e-07	-0.0138719195132
127.155962654	6.19757752922e-07	-0.0138548209779	6.19757752922e-07	-0.0138548209779
127.313042287	6.18238746624e-07	-0.0138377644957	6.18238746624e-07	-0.0138377644957
127.470121919	6.16725306614e-07	-0.013820749912	6.16725306614e-07	-0.013820749912
127.627201552	6.15217405784e-07	-0.0138037770726	6.15217405784e-07	-0.0138037770726
127.784281185	6.13715017191e-07	-0.0137868458243	6.13715017191e-07	-0.0137868458243
127.941360817	6.12218114057e-07	-0.0137699560146	6.12218114057e-07	-0.0137699560146
128.09844045	6.10726669763e-07	-0.0137531074917	6.10726669763e-07	-0.0137531074917
128.255520083	6.09240657854e-07	-0.0137363001045	6.09240657854e-07	-0.0137363001045
128.412599715	6.07760052031e-07	-0.0137195337028	6.07760052031e-07	-0.0137195337028
128.569679348	6.06284826158e-07	-0.0137028081369	6.06284826158e-07	-0.0137028081369
128.726758981	6.04814954253e-07	-0.0136861232582	6.04814954253e-07	-0.0136861232582
128.883838614	6.03350410492e-07	-0.0136694789183	6.03350410492e-07	-0.0136694789183
129.040918246	6.01891169206e-07	-0.0136528749699	6.01891169206e-07	-0.0136528749699
129.197997879	6.00437204879e-07	-0.0136363112663	6.00437204879e-07	-0.0136363112663
129.355077512	5.98988492151e-07	-0.0136197876616	5.98988492151e-07	-0.0136197876616
129.512157144	5.97545005809e-07	-0.0136033040103	5.97545005809e-07	-0.0136033040103
129.669236777	5.96106720796e-07	-0.0135868601681	5.96106720796e-07	-0.0135868601681
129.82631641	5.946736122e-07	-0.0135704559909	5.946736122e-07	-0.0135704559909
129.983396042	5.93245655262e-07	-0.0135540913356	5.93245655262e-07	-0.0135540913356
130.140475675	5.91822825367e-07	-0.0135377660596	5.91822825367e-07	-0.0135377660596
130.297555308	5.90405098049e-07	-0.0135214800212	5.90405098049e-07	-0.0135214800212
130.45463494	5.88992448986e-07	-0.0135052330793	5.88992448986e-07	-0.0135052330793
130.611714573	5.87584854001e-07	-0.0134890250932	5.87584854001e-07	-0.0134890250932
130.768794206	5.8618228906e-07	-0.0134728559233	5.8618228906e-07	-0.0134728559233
130.925873838	5.84784730272e-07	-0.0134567254304	5.84784730272e-07	-0.0134567254304
131.082953471	5.83392153888e-07	-0.0134406334761	5.83392153888e-07	-0.0134406334761
131.240033104	5.82004536298e-07	-0.0134245799225	5.82004536298e-07	-0.0134245799225
131.397112736	5.80621854031e-07	-0.0134085646325	5.80621854031e-07	-0.0134085646325
131.554192369	5.79244083757e-07	-0.0133925874696	5.79244083757e-07	-0.0133925874696
131.711272002	5.77871202282e-07	-0.013376648298	5.77871202282e-07	-0.013376648298
131.868351634	5.76503186546e-07	-0.0133607469824	5.76503186546e-07	-0.0133607469824
132.025431267	5.75140013629e-07	-0.0133448833882	5.75140013629e-07	-0.0133448833882
132.1825109	5.73781660743e-07	-0.0133290573816	5.73781660743e-07	-0.0133290573816
132.339590532	5.72428105234e-07	-0.0133132688293	5.72428105234e-07	-0.0133132688293
132.496670165	5.7107932458e-07	-0.0132975175985	5.7107932458e-07	-0.0132975175985
132.653749798	5.69735296392e-07	-0.0132818035573	5.69735296392e-07	-0.0132818035573
132.810829431	5.68395998411e-07	-0.0132661265741	5.68395998411e-07	-0.0132661265741
132.967909063	5.67061408509e-07	-0.0132504865183	5.67061408509e-07	-0.0132504865183
133.124988696	5.65731504685e-07	-0.0132348832596	5.65731504685e-07	-0.0132348832596
133.282068329	5.64406265068e-07	-0.0132193166685	5.64406265068e-07	-0.0132193166685
133.439147961	5.63085667913e-07	-0.0132037866159	5.63085667913e-07	-0.0132037866159
133.596227594	5.61769691603e-07	-0.0131882929735	5.61769691603e-07	-0.0131882929735
133.753307227	5.60458314644e-07	-0.0131728356135	5.60458314644e-07	-0.0131728356135
133.910386859	5.59151515669e-07	-0.0131574144088	5.59151515669e-07	-0.0131574144088
134.067466492	5.57849273433e-07	-0.0131420292328	5.57849273433e-07	-0.0131420292328
134.224546125	5.56551566813e-07	-0.0131266799594	5.56551566813e-07	-0.0131266799594
134.381625757	5.55258374813e-07	-0.0131113664634	5.55258374813e-07	-0.0131113664634
134.53870539	5.53969676551e-07	-0.0130960886198	5.53969676551e-07	-0.0130960886198
134.695785023	5.52685451271e-07	-0.0130808463044	5.52685451271e-07	-0.0130808463044
134.852864655	5.51405678334e-07	-0.0130656393936	5.51405678334e-07	-0.0130656393936
135.009944288	5.5013033722e-07	-0.0130504677643	5.5013033722e-07	-0.0130504677643
135.167023921	5.48859407527e-07	-0.0130353312939	5.48859407527e-07	-0.0130353312939
135.324103553	5.4759286897e-07	-0.0130202298605	5.4759286897e-07	-0.0130202298605
135.481183186	5.46330701381e-07	-0.0130051633427	5.46330701381e-07	-0.0130051633427
135.638262819	5.45072884705e-07	-0.0129901316197	5.45072884705e-07	-0.0129901316197
135.795342451	5.43819399006e-07	-0.0129751345712	5.43819399006e-07	-0.0129751345712
135.952422084	5.42570224457e-07	-0.0129601720774	5.42570224457e-07	-0.0129601720774
136.109501717	5.41325341347e-07	-0.0129452440192	5.41325341347e-07	-0.0129452440192
136.266581349	5.40084730077e-07	-0.0129303502779	5.40084730077e-07	-0.0129303502779
136.423660982	5.38848371159e-07	-0.0129154907356	5.38848371159e-07	-0.0129154907356
136.580740615	5.37616245216e-07	-0.0129006652745	5.37616245216e-07	-0.0129006652745
136.737820247	5.36388332982e-07	-0.0128858737778	5.36388332982e-07	-0.0128858737778
136.89489988	5.35164615298e-07	-0.0128711161289	5.35164615298e-07	-0.0128711161289
137.051979513	5.33945073116e-07	-0.012856392212	5.33945073116e-07	-0.012856392212
137.209059146	5.32729687494e-07	-0.0128417019115	5.32729687494e-07	-0.0128417019115
137.366138778	5.31518439598e-07	-0.0128270451127	5.31518439598e-07	-0.0128270451127
137.523218411	5.30311310701e-07	-0.0128124217011	5.30311310701e-07	-0.0128124217011
137.680298044	5.2910828218e-07	-0.012797831563	5.2910828218e-07	-0.012797831563
137.837377676	5.27909335519e-07	-0.0127832745849	5.27909335519e-07	-0.0127832745849
137.994457309	5.26714452303e-07	-0.012768750654	5.26714452303e-07	-0.012768750654
138.151536942	5.25523614225e-07	-0.0127542596582	5.25523614225e-07	-0.0127542596582
138.308616574	5.24336803076e-07	-0.0127398014855	5.24336803076e-07	-0.0127398014855
138.465696207	5.23154000753e-07	-0.0127253760247	5.23154000753e-07	-0.0127253760247
138.62277584	5.21975189253e-07	-0.0127109831649	5.21975189253e-07	-0.0127109831649
138.779855472	5.20800350673e-07	-0.012696622796	5.20800350673e-07	-0.012696622796
138.936935105	5.19629467211e-07	-0.0126822948081	5.19629467211e-07	-0.0126822948081
139.094014738	5.18462521165e-07	-0.0126679990919	5.18462521165e-07	-0.0126679990919
139.25109437	5.1729949493e-07	-0.0126537355385	5.1729949493e-07	-0.0126537355385
139.408174003	5.16140371001e-07	-0.0126395040398	5.16140371001e-07	-0.0126395040398
139.565253636	5.14985131969e-07	-0.0126253044878	5.14985131969e-07	-0.0126253044878
139.722333268	5.13833760523e-07	-0.0126111367752	5.13833760523e-07	-0.0126111367752
139.879412901	5.12686239446e-07	-0.0125970007951	5.12686239446e-07	-0.0125970007951
140.036492534	5.1154255162e-07	-0.0125828964411	5.1154255162e-07	-0.0125828964411
140.193572166	5.1040268002e-07	-0.0125688236073	5.1040268002e-07	-0.0125688236073
140.350651799	5.09266607713e-07	-0.0125547821883	5.09266607713e-07	-0.0125547821883
140.507731432	5.08134317864e-07	-0.0125407720791	5.08134317864e-07	-0.0125407720791
140.664811064	5.07005793727e-07	-0.0125267931751	5.07005793727e-07	-0.0125267931751
140.821890697	5.05881018652e-07	-0.0125128453724	5.05881018652e-07	-0.0125128453724
140.97897033	5.04759976077e-07	-0.0124989285673	5.04759976077e-07	-0.0124989285673
141.136049963	5.03642649536e-07	-0.0124850426567	5.03642649536e-07	-0.0124850426567
141.293129595	5.02529022648e-07	-0.0124711875379	5.02529022648e-07	-0.0124711875379
141.450209228	5.01419079126e-07	-0.0124573631088	5.01419079126e-07	-0.0124573631088
141.607288861	5.00312802771e-07	-0.0124435692675	5.00312802771e-07	-0.0124435692675
141.764368493	4.99210177473e-07	-0.0124298059127	4.99210177473e-07	-0.0124298059127
141.921448126	4.9811118721e-07	-0.0124160729436	4.9811118721e-07	-0.0124160729436
142.078527759	4.97015816047e-07	-0.0124023702598	4.97015816047e-07	-0.0124023702598
142.235607391	4.95924048139e-07	-0.0123886977612	4.95924048139e-07	-0.0123886977612
142.392687024	4.94835867724e-07	-0.0123750553483	4.94835867724e-07	-0.0123750553483
142.549766657	4.93751259127e-07	-0.0123614429221	4.93751259127e-07	-0.0123614429221
142.706846289	4.92670206759e-07	-0.0123478603838	4.92670206759e-07	-0.0123478603838
142.863925922	4.91592695115e-07	-0.0123343076352	4.91592695115e-07	-0.0123343076352
143.021005555	4.90518708776e-07	-0.0123207845784	4.90518708776e-07	-0.0123207845784
143.178085187	4.89448232405e-07	-0.0123072911162	4.89448232405e-07	-0.0123072911162
143.33516482	4.88381250748e-07	-0.0122938271515	4.88381250748e-07	-0.0122938271515
143.492244453	4.87317748634e-07	-0.0122803925878	4.87317748634e-07	-0.0122803925878
143.649324085	4.86257710976e-07	-0.012266987329	4.86257710976e-07	-0.012266987329
143.806403718	4.85201122766e-07	-0.0122536112794	4.85201122766e-07	-0.0122536112794
143.963483351	4.84147969078e-07	-0.0122402643437	4.84147969078e-07	-0.0122402643437
144.120562983	4.83098235066e-07	-0.0122269464271	4.83098235066e-07	-0.0122269464271
144.277642616	4.82051905965e-07	-0.012213657435	4.82051905965e-07	-0.012213657435
144.434722249	4.8100896709e-07	-0.0122003972735	4.8100896709e-07	-0.0122003972735
144.591801881	4.79969403832e-07	-0.0121871658489	4.79969403832e-07	-0.0121871658489
144.748881514	4.78933201663e-07	-0.012173963068	4.78933201663e-07	-0.012173963068
144.905961147	4.77900346133e-07	-0.0121607888379	4.77900346133e-07	-0.0121607888379
145.06304078	4.76870822868e-07	-0.0121476430661	4.76870822868e-07	-0.0121476430661
145.220120412	4.75844617573e-07	-0.0121345256608	4.75844617573e-07	-0.0121345256608
145.377200045	4.74821716027e-07	-0.0121214365302	4.74821716027e-07	-0.0121214365302
145.534279678	4.73802104086e-07	-0.012108375583	4.73802104086e-07	-0.012108375583
145.69135931	4.72785767683e-07	-0.0120953427285	4.72785767683e-07	-0.0120953427285
145.848438943	4.71772692824e-07	-0.0120823378761	4.71772692824e-07	-0.0120823378761
146.005518576	4.7076286559e-07	-0.0120693609359	4.7076286559e-07	-0.0120693609359
146.162598208	4.69756272136e-07	-0.012056411818	4.69756272136e-07	-0.012056411818
146.319677841	4.68752898692e-07	-0.0120434904332	4.68752898692e-07	-0.0120434904332
146.476757474	4.67752731559e-07	-0.0120305966926	4.67752731559e-07	-0.0120305966926
146.633837106	4.66755757112e-07	-0.0120177305077	4.66755757112e-07	-0.0120177305077
146.790916739	4.65761961797e-07	-0.0120048917901	4.65761961797e-07	-0.0120048917901
146.947996372	4.64771332134e-07	-0.0119920804523	4.64771332134e-07	-0.0119920804523
147.105076004	4.63783854712e-07	-0.0119792964067	4.63783854712e-07	-0.0119792964067
147.262155637	4.62799516191e-07	-0.0119665395663	4.62799516191e-07	-0.0119665395663
147.41923527	4.61818303303e-07	-0.0119538098444	4.61818303303e-07	-0.0119538098444
147.576314902	4.60840202849e-07	-0.0119411071547	4.60840202849e-07	-0.0119411071547
147.733394535	4.59865201699e-07	-0.0119284314113	4.59865201699e-07	-0.0119284314113
147.890474168	4.58893286792e-07	-0.0119157825286	4.58893286792e-07	-0.0119157825286
148.0475538	4.57924445137e-07	-0.0119031604213	4.57924445137e-07	-0.0119031604213
148.204633433	4.5695866381e-07	-0.0118905650046	4.5695866381e-07	-0.0118905650046
148.361713066	4.55995929955e-07	-0.0118779961941	4.55995929955e-07	-0.0118779961941
148.518792698	4.55036230783e-07	-0.0118654539055	4.55036230783e-07	-0.0118654539055
148.675872331	4.54079553573e-07	-0.011852938055	4.54079553573e-07	-0.011852938055
148.832951964	4.53125885669e-07	-0.0118404485593	4.53125885669e-07	-0.0118404485593
148.990031596	4.52175214482e-07	-0.0118279853353	4.52175214482e-07	-0.0118279853353
149.147111229	4.5122752749e-07	-0.0118155483001	4.5122752749e-07	-0.0118155483001
149.304190862	4.50282812233e-07	-0.0118031373714	4.50282812233e-07	-0.0118031373714
149.461270495	4.49341056318e-07	-0.0117907524672	4.49341056318e-07	-0.0117907524672
149.618350127	4.48402247416e-07	-0.0117783935057	4.48402247416e-07	-0.0117783935057
149.77542976	4.47466373263e-07	-0.0117660604057	4.47466373263e-07	-0.0117660604057
149.932509393	4.46533421657e-07	-0.011753753086	4.46533421657e-07	-0.011753753086
150.089589025	4.4560338046e-07	-0.0117414714659	4.4560338046e-07	-0.0117414714659
150.246668658	4.44676237597e-07	-0.0117292154652	4.44676237597e-07	-0.0117292154652
150.403748291	4.43751981056e-07	-0.0117169850038	4.43751981056e-07	-0.0117169850038
150.560827923	4.42830598885e-07	-0.0117047800021	4.42830598885e-07	-0.0117047800021
150.717907556	4.41912079196e-07	-0.0116926003806	4.41912079196e-07	-0.0116926003806
150.874987189	4.40996410162e-07	-0.0116804460603	4.40996410162e-07	-0.0116804460603
151.032066821	4.40083580014e-07	-0.0116683169627	4.40083580014e-07	-0.0116683169627
151.189146454	4.39173577049e-07	-0.0116562130092	4.39173577049e-07	-0.0116562130092
151.346226087	4.38266389619e-07	-0.0116441341218	4.38266389619e-07	-0.0116441341218
151.503305719	4.37362006138e-07	-0.0116320802229	4.37362006138e-07	-0.0116320802229
151.660385352	4.36460415081e-07	-0.011620051235	4.36460415081e-07	-0.011620051235
151.817464985	4.35561604978e-07	-0.011608047081	4.35561604978e-07	-0.011608047081
151.974544617	4.34665564422e-07	-0.0115960676842	4.34665564422e-07	-0.0115960676842
152.13162425	4.33772282062e-07	-0.011584112968	4.33772282062e-07	-0.011584112968
152.288703883	4.32881746606e-07	-0.0115721828565	4.32881746606e-07	-0.0115721828565
152.445783515	4.31993946818e-07	-0.0115602772737	4.31993946818e-07	-0.0115602772737
152.602863148	4.31108871521e-07	-0.0115483961442	4.31108871521e-07	-0.0115483961442
152.759942781	4.30226509595e-07	-0.0115365393927	4.30226509595e-07	-0.0115365393927
152.917022413	4.29346849976e-07	-0.0115247069444	4.29346849976e-07	-0.0115247069444
153.074102046	4.28469881655e-07	-0.0115128987246	4.28469881655e-07	-0.0115128987246
153.231181679	4.27595593682e-07	-0.0115011146591	4.27595593682e-07	-0.0115011146591
153.388261312	4.26723975159e-07	-0.0114893546738	4.26723975159e-07	-0.0114893546738
153.545340944	4.25855015246e-07	-0.0114776186952	4.25855015246e-07	-0.0114776186952
153.702420577	4.24988703157e-07	-0.0114659066498	4.24988703157e-07	-0.0114659066498
153.85950021	4.2412502816e-07	-0.0114542184646	4.2412502816e-07	-0.0114542184646
154.016579842	4.23263979577e-07	-0.0114425540667	4.23263979577e-07	-0.0114425540667
154.173659475	4.22405546786e-07	-0.0114309133837	4.22405546786e-07	-0.0114309133837
154.330739108	4.21549719217e-07	-0.0114192963434	4.21549719217e-07	-0.0114192963434
154.48781874	4.20696486353e-07	-0.0114077028739	4.20696486353e-07	-0.0114077028739
154.644898373	4.1984583773e-07	-0.0113961329035	4.1984583773e-07	-0.0113961329035
154.801978006	4.18997762938e-07	-0.011384586361	4.18997762938e-07	-0.011384586361
154.959057638	4.18152251617e-07	-0.0113730631753	4.18152251617e-07	-0.0113730631753
155.116137271	4.17309293461e-07	-0.0113615632756	4.17309293461e-07	-0.0113615632756
155.273216904	4.16468878216e-07	-0.0113500865916	4.16468878216e-07	-0.0113500865916
155.430296536	4.15630995676e-07	-0.011338633053	4.15630995676e-07	-0.011338633053
155.587376169	4.1479563569e-07	-0.0113272025899	4.1479563569e-07	-0.0113272025899
155.744455802	4.13962788157e-07	-0.0113157951328	4.13962788157e-07	-0.0113157951328
155.901535434	4.13132443023e-07	-0.0113044106123	4.13132443023e-07	-0.0113044106123
156.058615067	4.12304590289e-07	-0.0112930489592	4.12304590289e-07	-0.0112930489592
156.2156947	4.11479220002e-07	-0.0112817101049	4.11479220002e-07	-0.0112817101049
156.372774332	4.10656322261e-07	-0.0112703939809	4.10656322261e-07	-0.0112703939809
156.529853965	4.09835887214e-07	-0.0112591005189	4.09835887214e-07	-0.0112591005189
156.686933598	4.09017905055e-07	-0.0112478296509	4.09017905055e-07	-0.0112478296509
156.84401323	4.08202366032e-07	-0.0112365813093	4.08202366032e-07	-0.0112365813093
157.001092863	4.07389260436e-07	-0.0112253554267	4.07389260436e-07	-0.0112253554267
