0.0	-2.06829895663	-2.06829895663	
0.04	-1.91318938336	-1.91318938336	
0.08	-1.7735260995	-1.7735260995	
0.12	-1.64761779082	-1.64761779082	
0.16	-1.53395499438	-1.53395499438	
0.2	-1.43119504551	-1.43119504551	
0.24	-1.33814646567	-1.33814646567	
0.28	-1.25375363028	-1.25375363028	
0.32	-1.17708221507	-1.17708221507	
0.36	-1.1073056926	-1.1073056926	
0.4	-1.04369300148	-1.04369300148	
0.44	-0.985597415224	-0.985597415224	
0.48	-0.932446578786	-0.932446578786	
0.52	-0.883733646239	-0.883733646239	
0.56	-0.839009434662	-0.839009434662	
0.6	-0.797875501933	-0.797875501933	
0.64	-0.759978055174	-0.759978055174	
0.68	-0.725002599967	-0.725002599967	
0.72	-0.692669246156	-0.692669246156	
0.76	-0.66272859294	-0.66272859294	
0.8	-0.634958123304	-0.634958123304	
0.84	-0.609159045145	-0.609159045145	
0.88	-0.585153523421	-0.585153523421	
0.92	-0.56278225414	-0.56278225414	
0.96	-0.541902336941	-0.541902336941	
1.0	-0.522385408358	-0.522385408358	
1.04	-0.504116002626	-0.504116002626	
1.08	-0.486990111087	-0.486990111087	
1.12	-0.470913915013	-0.470913915013	
1.16	-0.455802669883	-0.455802669883	
1.2	-0.441579722003	-0.441579722003	
1.24	-0.428175640879	-0.428175640879	
1.28	-0.415527452851	-0.415527452851	
1.32	-0.403577963432	-0.403577963432	
1.36	-0.392275157396	-0.392275157396	
1.4	-0.38157166707	-0.38157166707	
1.44	-0.371424300539	-0.371424300539	
1.48	-0.361793622505	-0.361793622505	
1.52	-0.352643581487	-0.352643581487	
1.56	-0.343941177851	-0.343941177851	
1.6	-0.335656167836	-0.335656167836	
1.64	-0.327760799356	-0.327760799356	
1.68	-0.320229575902	-0.320229575902	
1.72	-0.313039045291	-0.313039045291	
1.76	-0.306167610428	-0.306167610428	
1.8	-0.299595359586	-0.299595359586	
1.84	-0.293303914025	-0.293303914025	
1.88	-0.287276290997	-0.287276290997	
1.92	-0.281496780468	-0.281496780468	
1.96	-0.275950834035	-0.275950834035	
2.0	-0.270624964733	-0.270624964733	
2.04	-0.265506656549	-0.265506656549	
2.08	-0.26058428263	-0.26058428263	
2.12	-0.255847031251	-0.255847031251	
2.16	-0.251284838738	-0.251284838738	
2.2	-0.246888328637	-0.246888328637	
2.24	-0.242648756474	-0.242648756474	
2.28	-0.23855795955	-0.23855795955	
2.32	-0.234608311255	-0.234608311255	
2.36	-0.230792679466	-0.230792679466	
2.4	-0.227104388601	-0.227104388601	
2.44	-0.223537185006	-0.223537185006	
2.48	-0.220085205314	-0.220085205314	
2.52	-0.216742947527	-0.216742947527	
2.56	-0.213505244532	-0.213505244532	
2.6	-0.210367239844	-0.210367239844	
2.64	-0.207324365357	-0.207324365357	
2.68	-0.204372320917	-0.204372320917	
2.72	-0.201507055561	-0.201507055561	
2.76	-0.19872475026	-0.19872475026	
2.8	-0.196021802028	-0.196021802028	
2.84	-0.193394809294	-0.193394809294	
2.88	-0.190840558408	-0.190840558408	
2.92	-0.188356011184	-0.188356011184	
2.96	-0.185938293406	-0.185938293406	
3.0	-0.183584684186	-0.183584684186	
3.04	-0.181292606136	-0.181292606136	
3.08	-0.179059616256	-0.179059616256	
3.12	-0.176883397497	-0.176883397497	
3.16	-0.17476175093	-0.17476175093	
3.2	-0.172692588487	-0.172692588487	
3.24	-0.170673926215	-0.170673926215	
3.28	-0.168703878001	-0.168703878001	
3.32	-0.166780649743	-0.166780649743	
3.36	-0.16490253392	-0.16490253392	
3.4	-0.163067904533	-0.163067904533	
3.44	-0.161275212393	-0.161275212393	
3.48	-0.159522980725	-0.159522980725	
3.52	-0.157809801059	-0.157809801059	
3.56	-0.156134329398	-0.156134329398	
3.6	-0.154495282638	-0.154495282638	
3.64	-0.152891435212	-0.152891435212	
3.68	-0.151321615955	-0.151321615955	
3.72	-0.149784705168	-0.149784705168	
3.76	-0.148279631862	-0.148279631862	
3.8	-0.146805371184	-0.146805371184	
3.84	-0.145360941989	-0.145360941989	
3.88	-0.143945404573	-0.143945404573	
3.92	-0.142557858534	-0.142557858534	
3.96	-0.141197440768	-0.141197440768	
4.0	-0.139863323585	-0.139863323585	
4.04	-0.138554712928	-0.138554712928	
4.08	-0.137270846708	-0.137270846708	
4.12	-0.136010993229	-0.136010993229	
4.16	-0.134774449703	-0.134774449703	
4.2	-0.133560540855	-0.133560540855	
4.24	-0.1323686176	-0.1323686176	
4.28	-0.131198055803	-0.131198055803	
4.32	-0.130048255099	-0.130048255099	
4.36	-0.128918637787	-0.128918637787	
4.4	-0.127808647777	-0.127808647777	
4.44	-0.126717749597	-0.126717749597	
4.48	-0.125645427458	-0.125645427458	
4.52	-0.12459118436	-0.12459118436	
4.56	-0.123554541256	-0.123554541256	
4.6	-0.122535036247	-0.122535036247	
4.64	-0.121532223835	-0.121532223835	
4.68	-0.1205456742	-0.1205456742	
4.72	-0.119574972524	-0.119574972524	
4.76	-0.118619718341	-0.118619718341	
4.8	-0.117679524931	-0.117679524931	
4.84	-0.116754018735	-0.116754018735	
4.88	-0.1158428388	-0.1158428388	
4.92	-0.114945636258	-0.114945636258	
4.96	-0.114062073824	-0.114062073824	
5.0	-0.113191825322	-0.113191825322	
5.04	-0.112334575231	-0.112334575231	
5.08	-0.111490018255	-0.111490018255	
5.12	-0.110657858916	-0.110657858916	
5.16	-0.109837811157	-0.109837811157	
5.2	-0.109029597977	-0.109029597977	
5.24	-0.10823295107	-0.10823295107	
5.28	-0.10744761049	-0.10744761049	
5.32	-0.106673324329	-0.106673324329	
5.36	-0.105909848405	-0.105909848405	
5.4	-0.105156945969	-0.105156945969	
5.44	-0.104414387426	-0.104414387426	
5.48	-0.103681950066	-0.103681950066	
5.52	-0.102959417805	-0.102959417805	
5.56	-0.102246580943	-0.102246580943	
5.6	-0.101543235928	-0.101543235928	
5.64	-0.100849185131	-0.100849185131	
5.68	-0.100164236632	-0.100164236632	
5.72	-0.0994882040171	-0.0994882040171	
5.76	-0.0988209061771	-0.0988209061771	
5.8	-0.0981621671229	-0.0981621671229	
5.84	-0.0975118158038	-0.0975118158038	
5.88	-0.0968696859346	-0.0968696859346	
5.92	-0.0962356158304	-0.0962356158304	
5.96	-0.0956094482471	-0.0956094482471	
6.0	-0.0949910302297	-0.0949910302297	
6.04	-0.0943802129658	-0.0943802129658	
6.08	-0.0937768516455	-0.0937768516455	
6.12	-0.0931808053268	-0.0931808053268	
6.16	-0.0925919368064	-0.0925919368064	
6.2	-0.0920101124954	-0.0920101124954	
6.24	-0.0914352023008	-0.0914352023008	
6.28	-0.0908670795101	-0.0908670795101	
6.32	-0.0903056206819	-0.0903056206819	
6.36	-0.0897507055397	-0.0897507055397	
6.4	-0.0892022168708	-0.0892022168708	
6.44	-0.0886600404275	-0.0886600404275	
6.48	-0.0881240648341	-0.0881240648341	
6.52	-0.0875941814955	-0.0875941814955	
6.56	-0.0870702845105	-0.0870702845105	
6.6	-0.0865522705878	-0.0865522705878	
6.64	-0.0860400389652	-0.0860400389652	
6.68	-0.0855334913319	-0.0855334913319	
6.72	-0.0850325317535	-0.0850325317535	
6.76	-0.0845370665998	-0.0845370665998	
6.8	-0.0840470044751	-0.0840470044751	
6.84	-0.0835622561517	-0.0835622561517	
6.88	-0.0830827345042	-0.0830827345042	
6.92	-0.0826083544482	-0.0826083544482	
6.96	-0.0821390328795	-0.0821390328795	
7.0	-0.0816746886163	-0.0816746886163	
7.04	-0.0812152423433	-0.0812152423433	
7.08	-0.0807606165572	-0.0807606165572	
7.12	-0.0803107355151	-0.0803107355151	
7.16	-0.079865525184	-0.079865525184	
7.2	-0.0794249131918	-0.0794249131918	
7.24	-0.0789888287807	-0.0789888287807	
7.28	-0.0785572027616	-0.0785572027616	
7.32	-0.0781299674704	-0.0781299674704	
7.36	-0.0777070567255	-0.0777070567255	
7.4	-0.0772884057868	-0.0772884057868	
7.44	-0.0768739513161	-0.0768739513161	
7.48	-0.0764636313389	-0.0764636313389	
7.52	-0.0760573852072	-0.0760573852072	
7.56	-0.0756551535639	-0.0756551535639	
7.6	-0.0752568783077	-0.0752568783077	
7.64	-0.0748625025599	-0.0748625025599	
7.68	-0.0744719706319	-0.0744719706319	
7.72	-0.0740852279936	-0.0740852279936	
7.76	-0.0737022212429	-0.0737022212429	
7.8	-0.0733228980767	-0.0733228980767	
7.84	-0.0729472072616	-0.0729472072616	
7.88	-0.0725750986068	-0.0725750986068	
7.92	-0.0722065229374	-0.0722065229374	
7.96	-0.0718414320679	-0.0718414320679	
8.0	-0.0714797787774	-0.0714797787774	
8.04	-0.0711215167851	-0.0711215167851	
8.08	-0.0707666007268	-0.0707666007268	
8.12	-0.0704149861318	-0.0704149861318	
8.16	-0.0700666294007	-0.0700666294007	
8.2	-0.0697214877839	-0.0697214877839	
8.24	-0.0693795193606	-0.0693795193606	
8.28	-0.0690406830186	-0.0690406830186	
8.32	-0.0687049384346	-0.0687049384346	
8.36	-0.0683722460547	-0.0683722460547	
8.4	-0.0680425670765	-0.0680425670765	
8.44	-0.0677158634306	-0.0677158634306	
8.48	-0.0673920977634	-0.0673920977634	
8.52	-0.0670712334198	-0.0670712334198	
8.56	-0.0667532344269	-0.0667532344269	
8.6	-0.0664380654781	-0.0664380654781	
8.64	-0.0661256919173	-0.0661256919173	
8.68	-0.0658160797237	-0.0658160797237	
8.72	-0.0655091954975	-0.0655091954975	
8.76	-0.0652050064453	-0.0652050064453	
8.8	-0.0649034803662	-0.0649034803662	
8.84	-0.0646045856384	-0.0646045856384	
8.88	-0.0643082912062	-0.0643082912062	
8.92	-0.0640145665668	-0.0640145665668	
8.96	-0.0637233817584	-0.0637233817584	
9.0	-0.0634347073479	-0.0634347073479	
9.04	-0.0631485144191	-0.0631485144191	
9.08	-0.0628647745611	-0.0628647745611	
9.12	-0.0625834598578	-0.0625834598578	
9.16	-0.0623045428764	-0.0623045428764	
9.2	-0.0620279966571	-0.0620279966571	
9.24	-0.061753794703	-0.061753794703	
9.28	-0.06148191097	-0.06148191097	
9.32	-0.0612123198569	-0.0612123198569	
9.36	-0.0609449961963	-0.0609449961963	
9.4	-0.0606799152451	-0.0606799152451	
9.44	-0.0604170526756	-0.0604170526756	
9.48	-0.0601563845668	-0.0601563845668	
9.52	-0.0598978873956	-0.0598978873956	
9.56	-0.0596415380291	-0.0596415380291	
9.6	-0.0593873137157	-0.0593873137157	
9.64	-0.059135192078	-0.059135192078	
9.68	-0.0588851511046	-0.0588851511046	
9.72	-0.0586371691428	-0.0586371691428	
9.76	-0.0583912248911	-0.0583912248911	
9.8	-0.0581472973924	-0.0581472973924	
9.84	-0.0579053660268	-0.0579053660268	
9.88	-0.0576654105049	-0.0576654105049	
9.92	-0.0574274108612	-0.0574274108612	
9.96	-0.0571913474477	-0.0571913474477	
10.0	-0.0569572009274	-0.0569572009274	
10.04	-0.0567249522685	-0.0567249522685	
10.08	-0.056494582738	-0.056494582738	
10.12	-0.0562660738964	-0.0562660738964	
10.16	-0.0560394075914	-0.0560394075914	
10.2	-0.0558145659527	-0.0558145659527	
10.24	-0.0555915313866	-0.0555915313866	
10.28	-0.0553702865703	-0.0553702865703	
10.32	-0.0551508144473	-0.0551508144473	
10.36	-0.0549330982219	-0.0549330982219	
10.4	-0.0547171213543	-0.0547171213543	
10.44	-0.054502867556	-0.054502867556	
10.48	-0.054290320785	-0.054290320785	
10.52	-0.054079465241	-0.054079465241	
10.56	-0.0538702853612	-0.0538702853612	
10.6	-0.0536627658156	-0.0536627658156	
10.64	-0.0534568915029	-0.0534568915029	
10.68	-0.0532526475465	-0.0532526475465	
10.72	-0.0530500192899	-0.0530500192899	
10.76	-0.0528489922931	-0.0528489922931	
10.8	-0.0526495523284	-0.0526495523284	
10.84	-0.0524516853769	-0.0524516853769	
10.88	-0.0522553776245	-0.0522553776245	
10.92	-0.0520606154582	-0.0520606154582	
10.96	-0.0518673854627	-0.0518673854627	
11.0	-0.0516756744168	-0.0516756744168	
11.04	-0.0514854692901	-0.0514854692901	
11.08	-0.0512967572395	-0.0512967572395	
11.12	-0.0511095256057	-0.0511095256057	
11.16	-0.0509237619108	-0.0509237619108	
11.2	-0.0507394538541	-0.0507394538541	
11.24	-0.0505565893098	-0.0505565893098	
11.28	-0.0503751563238	-0.0503751563238	
11.32	-0.0501951431107	-0.0501951431107	
11.36	-0.0500165380507	-0.0500165380507	
11.4	-0.0498393296873	-0.0498393296873	
11.44	-0.0496635067242	-0.0496635067242	
11.48	-0.0494890580226	-0.0494890580226	
11.52	-0.0493159725987	-0.0493159725987	
11.56	-0.049144239621	-0.049144239621	
11.6	-0.0489738484079	-0.0489738484079	
11.64	-0.0488047884249	-0.0488047884249	
11.68	-0.0486370492828	-0.0486370492828	
11.72	-0.0484706207345	-0.0484706207345	
11.76	-0.0483054926734	-0.0483054926734	
11.8	-0.0481416551306	-0.0481416551306	
11.84	-0.0479790982732	-0.0479790982732	
11.88	-0.0478178124014	-0.0478178124014	
11.92	-0.047657787947	-0.047657787947	
11.96	-0.0474990154711	-0.0474990154711	
12.0	-0.0473414856617	-0.0473414856617	
12.04	-0.0471851893322	-0.0471851893322	
12.08	-0.0470301174192	-0.0470301174192	
12.12	-0.0468762609805	-0.0468762609805	
12.16	-0.0467236111932	-0.0467236111932	
12.2	-0.0465721593519	-0.0465721593519	
12.24	-0.046421896867	-0.046421896867	
12.28	-0.0462728152626	-0.0462728152626	
12.32	-0.0461249061751	-0.0461249061751	
12.36	-0.0459781613513	-0.0459781613513	
12.4	-0.0458325726464	-0.0458325726464	
12.44	-0.045688132023	-0.045688132023	
12.48	-0.0455448315492	-0.0455448315492	
12.52	-0.0454026633965	-0.0454026633965	
12.56	-0.0452616198393	-0.0452616198393	
12.6	-0.0451216932522	-0.0451216932522	
12.64	-0.0449828761094	-0.0449828761094	
12.68	-0.0448451609828	-0.0448451609828	
12.72	-0.0447085405406	-0.0447085405406	
12.76	-0.044573007546	-0.044573007546	
12.8	-0.0444385548556	-0.0444385548556	
12.84	-0.0443051754185	-0.0443051754185	
12.88	-0.0441728622742	-0.0441728622742	
12.92	-0.0440416085519	-0.0440416085519	
12.96	-0.0439114074693	-0.0439114074693	
13.0	-0.0437822523305	-0.0437822523305	
13.04	-0.043654136526	-0.043654136526	
13.08	-0.0435270535302	-0.0435270535302	
13.12	-0.0434009969011	-0.0434009969011	
13.16	-0.0432759602789	-0.0432759602789	
13.2	-0.0431519373847	-0.0431519373847	
13.24	-0.0430289220193	-0.0430289220193	
13.28	-0.0429069080625	-0.0429069080625	
13.32	-0.0427858894717	-0.0427858894717	
13.36	-0.0426658602807	-0.0426658602807	
13.4	-0.042546814599	-0.042546814599	
13.44	-0.0424287466105	-0.0424287466105	
13.48	-0.0423116505727	-0.0423116505727	
13.52	-0.0421955208155	-0.0421955208155	
13.56	-0.0420803517404	-0.0420803517404	
13.6	-0.0419661378193	-0.0419661378193	
13.64	-0.0418528735938	-0.0418528735938	
13.68	-0.0417405536743	-0.0417405536743	
13.72	-0.0416291727387	-0.0416291727387	
13.76	-0.041518725532	-0.041518725532	
13.8	-0.0414092068651	-0.0414092068651	
13.84	-0.0413006116141	-0.0413006116141	
13.88	-0.0411929347194	-0.0411929347194	
13.92	-0.0410861711848	-0.0410861711848	
13.96	-0.0409803160768	-0.0409803160768	
14.0	-0.0408753645237	-0.0408753645237	
14.04	-0.0407713117147	-0.0407713117147	
14.08	-0.0406681528997	-0.0406681528997	
14.12	-0.0405658833877	-0.0405658833877	
14.16	-0.0404644985466	-0.0404644985466	
14.2	-0.0403639938024	-0.0403639938024	
14.24	-0.0402643646383	-0.0402643646383	
14.28	-0.0401656065942	-0.0401656065942	
14.32	-0.0400677152657	-0.0400677152657	
14.36	-0.0399706863039	-0.0399706863039	
14.4	-0.0398745154143	-0.0398745154143	
14.44	-0.0397791983561	-0.0397791983561	
14.48	-0.0396847309419	-0.0396847309419	
14.52	-0.039591109037	-0.039591109037	
14.56	-0.0394983285584	-0.0394983285584	
14.6	-0.0394063854746	-0.0394063854746	
14.64	-0.0393152758046	-0.0393152758046	
14.68	-0.039224995618	-0.039224995618	
14.72	-0.0391355410333	-0.0391355410333	
14.76	-0.0390469082186	-0.0390469082186	
14.8	-0.0389590933898	-0.0389590933898	
14.84	-0.0388720928112	-0.0388720928112	
14.88	-0.0387859027939	-0.0387859027939	
14.92	-0.038700519696	-0.038700519696	
14.96	-0.0386159399219	-0.0386159399219	
15.0	-0.0385321599214	-0.0385321599214	
15.04	-0.0384491761897	-0.0384491761897	
15.08	-0.0383669852667	-0.0383669852667	
15.12	-0.0382855837364	-0.0382855837364	
15.16	-0.0382049682265	-0.0382049682265	
15.2	-0.0381251354078	-0.0381251354078	
15.24	-0.0380460819942	-0.0380460819942	
15.28	-0.0379678047414	-0.0379678047414	
15.32	-0.0378903004474	-0.0378903004474	
15.36	-0.0378135659512	-0.0378135659512	
15.4	-0.0377375981331	-0.0377375981331	
15.44	-0.0376623939135	-0.0376623939135	
15.48	-0.0375879502531	-0.0375879502531	
15.52	-0.0375142641525	-0.0375142641525	
15.56	-0.037441332651	-0.037441332651	
15.6	-0.0373691528273	-0.0373691528273	
15.64	-0.0372977217981	-0.0372977217981	
15.68	-0.0372270367185	-0.0372270367185	
15.72	-0.0371570947811	-0.0371570947811	
15.76	-0.0370878932159	-0.0370878932159	
15.8	-0.0370194292896	-0.0370194292896	
15.84	-0.0369517003059	-0.0369517003059	
15.88	-0.0368847036041	-0.0368847036041	
15.92	-0.0368184365599	-0.0368184365599	
15.96	-0.0367528965843	-0.0367528965843	
16.0	-0.0366880811233	-0.0366880811233	
16.04	-0.036623987658	-0.036623987658	
16.08	-0.0365606137037	-0.0365606137037	
16.12	-0.0364979568102	-0.0364979568102	
16.16	-0.0364360145609	-0.0364360145609	
16.2	-0.0363747845729	-0.0363747845729	
16.24	-0.0363142644964	-0.0363142644964	
16.28	-0.0362544520147	-0.0362544520147	
16.32	-0.0361953448435	-0.0361953448435	
16.36	-0.036136940731	-0.036136940731	
16.4	-0.0360792374576	-0.0360792374576	
16.44	-0.036022232835	-0.036022232835	
16.48	-0.035965924707	-0.035965924707	
16.52	-0.0359103109481	-0.0359103109481	
16.56	-0.0358553894641	-0.0358553894641	
16.6	-0.0358011581913	-0.0358011581913	
16.64	-0.0357476150965	-0.0357476150965	
16.68	-0.0356947581768	-0.0356947581768	
16.72	-0.035642585459	-0.035642585459	
16.76	-0.0355910949998	-0.0355910949998	
16.8	-0.0355402848851	-0.0355402848851	
16.84	-0.0354901532303	-0.0354901532303	
16.88	-0.0354406981796	-0.0354406981796	
16.92	-0.035391917906	-0.035391917906	
16.96	-0.035343810611	-0.035343810611	
17.0	-0.0352963745244	-0.0352963745244	
17.04	-0.0352496079041	-0.0352496079041	
17.08	-0.035203509036	-0.035203509036	
17.12	-0.0351580762335	-0.0351580762335	
17.16	-0.0351133078376	-0.0351133078376	
17.2	-0.0350692022164	-0.0350692022164	
17.24	-0.0350257577653	-0.0350257577653	
17.28	-0.0349829729063	-0.0349829729063	
17.32	-0.0349408460885	-0.0349408460885	
17.36	-0.034899375787	-0.034899375787	
17.4	-0.0348585605037	-0.0348585605037	
17.44	-0.0348183987664	-0.0348183987664	
17.48	-0.0347788891288	-0.0347788891288	
17.52	-0.0347400301707	-0.0347400301707	
17.56	-0.0347018204971	-0.0347018204971	
17.6	-0.0346642587389	-0.0346642587389	
17.64	-0.0346273435521	-0.0346273435521	
17.68	-0.0345910736179	-0.0345910736179	
17.72	-0.0345554476424	-0.0345554476424	
17.76	-0.0345204643566	-0.0345204643566	
17.8	-0.0344861225164	-0.0344861225164	
17.84	-0.0344524209019	-0.0344524209019	
17.88	-0.0344193583179	-0.0344193583179	
17.92	-0.0343869335934	-0.0343869335934	
17.96	-0.0343551455814	-0.0343551455814	
18.0	-0.034323993159	-0.034323993159	
18.04	-0.0342934752273	-0.0342934752273	
18.08	-0.0342635907109	-0.0342635907109	
18.12	-0.0342343385584	-0.0342343385584	
18.16	-0.0342057177414	-0.0342057177414	
18.2	-0.0341777272554	-0.0341777272554	
18.24	-0.0341503661188	-0.0341503661188	
18.28	-0.0341236333734	-0.0341236333734	
18.32	-0.0340975280838	-0.0340975280838	
18.36	-0.0340720493379	-0.0340720493379	
18.4	-0.0340471962461	-0.0340471962461	
18.44	-0.0340229679417	-0.0340229679417	
18.48	-0.0339993635808	-0.0339993635808	
18.52	-0.0339763823417	-0.0339763823417	
18.56	-0.0339540234254	-0.0339540234254	
18.6	-0.0339322860553	-0.0339322860553	
18.64	-0.0339111694769	-0.0339111694769	
18.68	-0.033890672958	-0.033890672958	
18.72	-0.0338707957885	-0.0338707957885	
18.76	-0.0338515372803	-0.0338515372803	
18.8	-0.0338328967673	-0.0338328967673	
18.84	-0.0338148736053	-0.0338148736053	
18.88	-0.0337974671719	-0.0337974671719	
18.92	-0.0337806768664	-0.0337806768664	
18.96	-0.0337645021097	-0.0337645021097	
19.0	-0.0337489423444	-0.0337489423444	
19.04	-0.0337339970348	-0.0337339970348	
19.08	-0.0337196656664	-0.0337196656664	
19.12	-0.0337059477463	-0.0337059477463	
19.16	-0.033692842803	-0.033692842803	
19.2	-0.0336803503861	-0.0336803503861	
19.24	-0.0336684700667	-0.0336684700667	
19.28	-0.0336572014371	-0.0336572014371	
19.32	-0.0336465441106	-0.0336465441106	
19.36	-0.0336364977219	-0.0336364977219	
19.4	-0.0336270619267	-0.0336270619267	
19.44	-0.0336182364016	-0.0336182364016	
19.48	-0.0336100208444	-0.0336100208444	
19.52	-0.0336024149739	-0.0336024149739	
19.56	-0.0335954185297	-0.0335954185297	
19.6	-0.0335890312724	-0.0335890312724	
19.64	-0.0335832529836	-0.0335832529836	
19.68	-0.0335780834658	-0.0335780834658	
19.72	-0.0335735225421	-0.0335735225421	
19.76	-0.0335695700566	-0.0335695700566	
19.8	-0.0335662258743	-0.0335662258743	
19.84	-0.033563489881	-0.033563489881	
19.88	-0.0335613619831	-0.0335613619831	
19.92	-0.0335598421079	-0.0335598421079	
19.96	-0.0335589302036	-0.0335589302036	
20.0	-0.0335586262389	-0.0335586262389	
20.04	-0.0335589302036	-0.0335589302036	
20.08	-0.0335598421079	-0.0335598421079	
20.12	-0.0335613619831	-0.0335613619831	
20.16	-0.033563489881	-0.033563489881	
20.2	-0.0335662258743	-0.0335662258743	
20.24	-0.0335695700566	-0.0335695700566	
20.28	-0.0335735225421	-0.0335735225421	
20.32	-0.0335780834658	-0.0335780834658	
20.36	-0.0335832529837	-0.0335832529837	
20.4	-0.0335890312724	-0.0335890312724	
20.44	-0.0335954185297	-0.0335954185297	
20.48	-0.0336024149739	-0.0336024149739	
20.52	-0.0336100208444	-0.0336100208444	
20.56	-0.0336182364016	-0.0336182364016	
20.6	-0.0336270619267	-0.0336270619267	
20.64	-0.033636497722	-0.033636497722	
20.68	-0.0336465441106	-0.0336465441106	
20.72	-0.0336572014371	-0.0336572014371	
20.76	-0.0336684700667	-0.0336684700667	
20.8	-0.0336803503861	-0.0336803503861	
20.84	-0.033692842803	-0.033692842803	
20.88	-0.0337059477463	-0.0337059477463	
20.92	-0.0337196656664	-0.0337196656664	
20.96	-0.0337339970348	-0.0337339970348	
21.0	-0.0337489423445	-0.0337489423445	
21.04	-0.0337645021097	-0.0337645021097	
21.08	-0.0337806768664	-0.0337806768664	
21.12	-0.0337974671719	-0.0337974671719	
21.16	-0.0338148736054	-0.0338148736054	
21.2	-0.0338328967673	-0.0338328967673	
21.24	-0.0338515372803	-0.0338515372803	
21.28	-0.0338707957885	-0.0338707957885	
21.32	-0.033890672958	-0.033890672958	
21.36	-0.0339111694769	-0.0339111694769	
21.4	-0.0339322860553	-0.0339322860553	
21.44	-0.0339540234255	-0.0339540234255	
21.48	-0.0339763823417	-0.0339763823417	
21.52	-0.0339993635808	-0.0339993635808	
21.56	-0.0340229679418	-0.0340229679418	
21.6	-0.0340471962461	-0.0340471962461	
21.64	-0.0340720493379	-0.0340720493379	
21.68	-0.0340975280838	-0.0340975280838	
21.72	-0.0341236333734	-0.0341236333734	
21.76	-0.0341503661188	-0.0341503661188	
21.8	-0.0341777272554	-0.0341777272554	
21.84	-0.0342057177415	-0.0342057177415	
21.88	-0.0342343385584	-0.0342343385584	
21.92	-0.034263590711	-0.034263590711	
21.96	-0.0342934752273	-0.0342934752273	
22.0	-0.034323993159	-0.034323993159	
22.04	-0.0343551455814	-0.0343551455814	
22.08	-0.0343869335934	-0.0343869335934	
22.12	-0.034419358318	-0.034419358318	
22.16	-0.034452420902	-0.034452420902	
22.2	-0.0344861225164	-0.0344861225164	
22.24	-0.0345204643567	-0.0345204643567	
22.28	-0.0345554476424	-0.0345554476424	
22.32	-0.0345910736179	-0.0345910736179	
22.36	-0.0346273435521	-0.0346273435521	
22.4	-0.034664258739	-0.034664258739	
22.44	-0.0347018204971	-0.0347018204971	
22.48	-0.0347400301707	-0.0347400301707	
22.52	-0.0347788891289	-0.0347788891289	
22.56	-0.0348183987664	-0.0348183987664	
22.6	-0.0348585605038	-0.0348585605038	
22.64	-0.0348993757871	-0.0348993757871	
22.68	-0.0349408460885	-0.0349408460885	
22.72	-0.0349829729064	-0.0349829729064	
22.76	-0.0350257577653	-0.0350257577653	
22.8	-0.0350692022164	-0.0350692022164	
22.84	-0.0351133078376	-0.0351133078376	
22.88	-0.0351580762336	-0.0351580762336	
22.92	-0.0352035090361	-0.0352035090361	
22.96	-0.0352496079042	-0.0352496079042	
23.0	-0.0352963745244	-0.0352963745244	
23.04	-0.035343810611	-0.035343810611	
23.08	-0.0353919179061	-0.0353919179061	
23.12	-0.0354406981797	-0.0354406981797	
23.16	-0.0354901532304	-0.0354901532304	
23.2	-0.0355402848852	-0.0355402848852	
23.24	-0.0355910949998	-0.0355910949998	
23.28	-0.0356425854591	-0.0356425854591	
23.32	-0.0356947581769	-0.0356947581769	
23.36	-0.0357476150966	-0.0357476150966	
23.4	-0.0358011581914	-0.0358011581914	
23.44	-0.0358553894641	-0.0358553894641	
23.48	-0.0359103109482	-0.0359103109482	
23.52	-0.035965924707	-0.035965924707	
23.56	-0.0360222328351	-0.0360222328351	
23.6	-0.0360792374576	-0.0360792374576	
23.64	-0.0361369407311	-0.0361369407311	
23.68	-0.0361953448436	-0.0361953448436	
23.72	-0.0362544520147	-0.0362544520147	
23.76	-0.0363142644965	-0.0363142644965	
23.8	-0.036374784573	-0.036374784573	
23.84	-0.036436014561	-0.036436014561	
23.88	-0.0364979568103	-0.0364979568103	
23.92	-0.0365606137038	-0.0365606137038	
23.96	-0.036623987658	-0.036623987658	
24.0	-0.0366880811234	-0.0366880811234	
24.04	-0.0367528965844	-0.0367528965844	
24.08	-0.03681843656	-0.03681843656	
24.12	-0.0368847036042	-0.0368847036042	
24.16	-0.0369517003059	-0.0369517003059	
24.2	-0.0370194292897	-0.0370194292897	
24.24	-0.0370878932159	-0.0370878932159	
24.28	-0.0371570947812	-0.0371570947812	
24.32	-0.0372270367186	-0.0372270367186	
24.36	-0.0372977217982	-0.0372977217982	
24.4	-0.0373691528273	-0.0373691528273	
24.44	-0.0374413326511	-0.0374413326511	
24.48	-0.0375142641525	-0.0375142641525	
24.52	-0.0375879502532	-0.0375879502532	
24.56	-0.0376623939135	-0.0376623939135	
24.6	-0.0377375981331	-0.0377375981331	
24.64	-0.0378135659513	-0.0378135659513	
24.68	-0.0378903004475	-0.0378903004475	
24.72	-0.0379678047415	-0.0379678047415	
24.76	-0.0380460819942	-0.0380460819942	
24.8	-0.0381251354079	-0.0381251354079	
24.84	-0.0382049682266	-0.0382049682266	
24.88	-0.0382855837365	-0.0382855837365	
24.92	-0.0383669852668	-0.0383669852668	
24.96	-0.0384491761898	-0.0384491761898	
25.0	-0.0385321599215	-0.0385321599215	
25.04	-0.038615939922	-0.038615939922	
25.08	-0.0387005196961	-0.0387005196961	
25.12	-0.038785902794	-0.038785902794	
25.16	-0.0388720928113	-0.0388720928113	
25.2	-0.0389590933899	-0.0389590933899	
25.24	-0.0390469082187	-0.0390469082187	
25.28	-0.0391355410334	-0.0391355410334	
25.32	-0.0392249956181	-0.0392249956181	
25.36	-0.0393152758047	-0.0393152758047	
25.4	-0.0394063854746	-0.0394063854746	
25.44	-0.0394983285585	-0.0394983285585	
25.48	-0.0395911090371	-0.0395911090371	
25.52	-0.039684730942	-0.039684730942	
25.56	-0.0397791983562	-0.0397791983562	
25.6	-0.0398745154144	-0.0398745154144	
25.64	-0.039970686304	-0.039970686304	
25.68	-0.0400677152658	-0.0400677152658	
25.72	-0.0401656065943	-0.0401656065943	
25.76	-0.0402643646384	-0.0402643646384	
25.8	-0.0403639938025	-0.0403639938025	
25.84	-0.0404644985467	-0.0404644985467	
25.88	-0.0405658833878	-0.0405658833878	
25.92	-0.0406681528998	-0.0406681528998	
25.96	-0.0407713117149	-0.0407713117149	
26.0	-0.0408753645238	-0.0408753645238	
26.04	-0.0409803160769	-0.0409803160769	
26.08	-0.0410861711849	-0.0410861711849	
26.12	-0.0411929347195	-0.0411929347195	
26.16	-0.0413006116142	-0.0413006116142	
26.2	-0.0414092068652	-0.0414092068652	
26.24	-0.0415187255321	-0.0415187255321	
26.28	-0.0416291727388	-0.0416291727388	
26.32	-0.0417405536744	-0.0417405536744	
26.36	-0.0418528735939	-0.0418528735939	
26.4	-0.0419661378194	-0.0419661378194	
26.44	-0.0420803517405	-0.0420803517405	
26.48	-0.0421955208157	-0.0421955208157	
26.52	-0.0423116505728	-0.0423116505728	
26.56	-0.0424287466106	-0.0424287466106	
26.6	-0.0425468145991	-0.0425468145991	
26.64	-0.0426658602808	-0.0426658602808	
26.68	-0.0427858894718	-0.0427858894718	
26.72	-0.0429069080627	-0.0429069080627	
26.76	-0.0430289220194	-0.0430289220194	
26.8	-0.0431519373848	-0.0431519373848	
26.84	-0.043275960279	-0.043275960279	
26.88	-0.0434009969012	-0.0434009969012	
26.92	-0.0435270535303	-0.0435270535303	
26.96	-0.0436541365261	-0.0436541365261	
27.0	-0.0437822523307	-0.0437822523307	
27.04	-0.0439114074694	-0.0439114074694	
27.08	-0.0440416085521	-0.0440416085521	
27.12	-0.0441728622743	-0.0441728622743	
27.16	-0.0443051754186	-0.0443051754186	
27.2	-0.0444385548558	-0.0444385548558	
27.24	-0.0445730075461	-0.0445730075461	
27.28	-0.0447085405407	-0.0447085405407	
27.32	-0.0448451609829	-0.0448451609829	
27.36	-0.0449828761095	-0.0449828761095	
27.4	-0.0451216932523	-0.0451216932523	
27.44	-0.0452616198394	-0.0452616198394	
27.48	-0.0454026633967	-0.0454026633967	
27.52	-0.0455448315493	-0.0455448315493	
27.56	-0.0456881320232	-0.0456881320232	
27.6	-0.0458325726465	-0.0458325726465	
27.64	-0.0459781613514	-0.0459781613514	
27.68	-0.0461249061753	-0.0461249061753	
27.72	-0.0462728152628	-0.0462728152628	
27.76	-0.0464218968671	-0.0464218968671	
27.8	-0.046572159352	-0.046572159352	
27.84	-0.0467236111933	-0.0467236111933	
27.88	-0.0468762609806	-0.0468762609806	
27.92	-0.0470301174194	-0.0470301174194	
27.96	-0.0471851893324	-0.0471851893324	
28.0	-0.0473414856618	-0.0473414856618	
28.04	-0.0474990154712	-0.0474990154712	
28.08	-0.0476577879472	-0.0476577879472	
28.12	-0.0478178124016	-0.0478178124016	
28.16	-0.0479790982733	-0.0479790982733	
28.2	-0.0481416551308	-0.0481416551308	
28.24	-0.0483054926735	-0.0483054926735	
28.28	-0.0484706207346	-0.0484706207346	
28.32	-0.0486370492829	-0.0486370492829	
28.36	-0.0488047884251	-0.0488047884251	
28.4	-0.048973848408	-0.048973848408	
28.44	-0.0491442396212	-0.0491442396212	
28.48	-0.0493159725989	-0.0493159725989	
28.52	-0.0494890580228	-0.0494890580228	
28.56	-0.0496635067243	-0.0496635067243	
28.6	-0.0498393296875	-0.0498393296875	
28.64	-0.0500165380508	-0.0500165380508	
28.68	-0.0501951431108	-0.0501951431108	
28.72	-0.050375156324	-0.050375156324	
28.76	-0.05055658931	-0.05055658931	
28.8	-0.0507394538543	-0.0507394538543	
28.84	-0.050923761911	-0.050923761911	
28.88	-0.0511095256059	-0.0511095256059	
28.92	-0.0512967572396	-0.0512967572396	
28.96	-0.0514854692903	-0.0514854692903	
29.0	-0.051675674417	-0.051675674417	
29.04	-0.0518673854628	-0.0518673854628	
29.08	-0.0520606154583	-0.0520606154583	
29.12	-0.0522553776246	-0.0522553776246	
29.16	-0.0524516853771	-0.0524516853771	
29.2	-0.0526495523286	-0.0526495523286	
29.24	-0.0528489922933	-0.0528489922933	
29.28	-0.0530500192901	-0.0530500192901	
29.32	-0.0532526475467	-0.0532526475467	
29.36	-0.0534568915031	-0.0534568915031	
29.4	-0.0536627658157	-0.0536627658157	
29.44	-0.0538702853614	-0.0538702853614	
29.48	-0.0540794652412	-0.0540794652412	
29.52	-0.0542903207852	-0.0542903207852	
29.56	-0.0545028675562	-0.0545028675562	
29.6	-0.0547171213545	-0.0547171213545	
29.64	-0.0549330982221	-0.0549330982221	
29.68	-0.0551508144475	-0.0551508144475	
29.72	-0.0553702865705	-0.0553702865705	
29.76	-0.0555915313867	-0.0555915313867	
29.8	-0.0558145659529	-0.0558145659529	
29.84	-0.0560394075916	-0.0560394075916	
29.88	-0.0562660738966	-0.0562660738966	
29.92	-0.0564945827382	-0.0564945827382	
29.96	-0.0567249522687	-0.0567249522687	
30.0	-0.0569572009276	-0.0569572009276	
30.04	-0.0571913474479	-0.0571913474479	
30.08	-0.0574274108614	-0.0574274108614	
30.12	-0.0576654105051	-0.0576654105051	
30.16	-0.057905366027	-0.057905366027	
30.2	-0.0581472973926	-0.0581472973926	
30.24	-0.0583912248913	-0.0583912248913	
30.28	-0.058637169143	-0.058637169143	
30.32	-0.0588851511048	-0.0588851511048	
30.36	-0.0591351920782	-0.0591351920782	
30.4	-0.0593873137159	-0.0593873137159	
30.44	-0.0596415380293	-0.0596415380293	
30.48	-0.0598978873958	-0.0598978873958	
30.52	-0.060156384567	-0.060156384567	
30.56	-0.0604170526759	-0.0604170526759	
30.6	-0.0606799152454	-0.0606799152454	
30.64	-0.0609449961965	-0.0609449961965	
30.68	-0.0612123198571	-0.0612123198571	
30.72	-0.0614819109702	-0.0614819109702	
30.76	-0.0617537947032	-0.0617537947032	
30.8	-0.0620279966573	-0.0620279966573	
30.84	-0.0623045428766	-0.0623045428766	
30.88	-0.0625834598581	-0.0625834598581	
30.92	-0.0628647745614	-0.0628647745614	
30.96	-0.0631485144193	-0.0631485144193	
31.0	-0.0634347073482	-0.0634347073482	
31.04	-0.0637233817587	-0.0637233817587	
31.08	-0.064014566567	-0.064014566567	
31.12	-0.0643082912064	-0.0643082912064	
31.16	-0.0646045856386	-0.0646045856386	
31.2	-0.0649034803664	-0.0649034803664	
31.24	-0.0652050064455	-0.0652050064455	
31.28	-0.0655091954978	-0.0655091954978	
31.32	-0.0658160797239	-0.0658160797239	
31.36	-0.0661256919175	-0.0661256919175	
31.4	-0.0664380654784	-0.0664380654784	
31.44	-0.0667532344272	-0.0667532344272	
31.48	-0.06707123342	-0.06707123342	
31.52	-0.0673920977636	-0.0673920977636	
31.56	-0.0677158634309	-0.0677158634309	
31.6	-0.0680425670767	-0.0680425670767	
31.64	-0.0683722460549	-0.0683722460549	
31.68	-0.0687049384348	-0.0687049384348	
31.72	-0.0690406830189	-0.0690406830189	
31.76	-0.0693795193609	-0.0693795193609	
31.8	-0.0697214877841	-0.0697214877841	
31.84	-0.0700666294009	-0.0700666294009	
31.88	-0.070414986132	-0.070414986132	
31.92	-0.070766600727	-0.070766600727	
31.96	-0.0711215167853	-0.0711215167853	
32.0	-0.0714797787776	-0.0714797787776	
32.04	-0.0718414320682	-0.0718414320682	
32.08	-0.0722065229377	-0.0722065229377	
32.12	-0.0725750986071	-0.0725750986071	
32.16	-0.0729472072618	-0.0729472072618	
32.2	-0.0733228980769	-0.0733228980769	
32.24	-0.0737022212432	-0.0737022212432	
32.28	-0.0740852279939	-0.0740852279939	
32.32	-0.0744719706322	-0.0744719706322	
32.36	-0.0748625025602	-0.0748625025602	
32.4	-0.075256878308	-0.075256878308	
32.44	-0.0756551535642	-0.0756551535642	
32.48	-0.0760573852075	-0.0760573852075	
32.52	-0.0764636313392	-0.0764636313392	
32.56	-0.0768739513164	-0.0768739513164	
32.6	-0.0772884057871	-0.0772884057871	
32.64	-0.0777070567258	-0.0777070567258	
32.68	-0.0781299674707	-0.0781299674707	
32.72	-0.0785572027619	-0.0785572027619	
32.76	-0.078988828781	-0.078988828781	
32.8	-0.0794249131921	-0.0794249131921	
32.84	-0.0798655251843	-0.0798655251843	
32.88	-0.0803107355154	-0.0803107355154	
32.92	-0.0807606165574	-0.0807606165574	
32.96	-0.0812152423435	-0.0812152423435	
33.0	-0.0816746886166	-0.0816746886166	
33.04	-0.0821390328798	-0.0821390328798	
33.08	-0.0826083544485	-0.0826083544485	
33.12	-0.0830827345045	-0.0830827345045	
33.16	-0.0835622561519	-0.0835622561519	
33.2	-0.0840470044754	-0.0840470044754	
33.24	-0.0845370666001	-0.0845370666001	
33.28	-0.0850325317538	-0.0850325317538	
33.32	-0.0855334913322	-0.0855334913322	
33.36	-0.0860400389655	-0.0860400389655	
33.4	-0.0865522705881	-0.0865522705881	
33.44	-0.0870702845108	-0.0870702845108	
33.48	-0.0875941814958	-0.0875941814958	
33.52	-0.0881240648344	-0.0881240648344	
33.56	-0.0886600404278	-0.0886600404278	
33.6	-0.0892022168711	-0.0892022168711	
33.64	-0.08975070554	-0.08975070554	
33.68	-0.0903056206822	-0.0903056206822	
33.72	-0.0908670795104	-0.0908670795104	
33.76	-0.0914352023011	-0.0914352023011	
33.8	-0.0920101124958	-0.0920101124958	
33.84	-0.0925919368067	-0.0925919368067	
33.88	-0.0931808053271	-0.0931808053271	
33.92	-0.0937768516459	-0.0937768516459	
33.96	-0.0943802129661	-0.0943802129661	
34.0	-0.09499103023	-0.09499103023	
34.04	-0.0956094482474	-0.0956094482474	
34.08	-0.0962356158307	-0.0962356158307	
34.12	-0.0968696859349	-0.0968696859349	
34.16	-0.0975118158041	-0.0975118158041	
34.2	-0.0981621671232	-0.0981621671232	
34.24	-0.0988209061774	-0.0988209061774	
34.28	-0.0994882040175	-0.0994882040175	
34.32	-0.100164236633	-0.100164236633	
34.36	-0.100849185131	-0.100849185131	
34.4	-0.101543235928	-0.101543235928	
34.44	-0.102246580944	-0.102246580944	
34.48	-0.102959417805	-0.102959417805	
34.52	-0.103681950066	-0.103681950066	
34.56	-0.104414387426	-0.104414387426	
34.6	-0.105156945969	-0.105156945969	
34.64	-0.105909848405	-0.105909848405	
34.68	-0.10667332433	-0.10667332433	
34.72	-0.107447610491	-0.107447610491	
34.76	-0.10823295107	-0.10823295107	
34.8	-0.109029597977	-0.109029597977	
34.84	-0.109837811157	-0.109837811157	
34.88	-0.110657858916	-0.110657858916	
34.92	-0.111490018256	-0.111490018256	
34.96	-0.112334575231	-0.112334575231	
35.0	-0.113191825323	-0.113191825323	
35.04	-0.114062073825	-0.114062073825	
35.08	-0.114945636258	-0.114945636258	
35.12	-0.1158428388	-0.1158428388	
35.16	-0.116754018735	-0.116754018735	
35.2	-0.117679524932	-0.117679524932	
35.24	-0.118619718341	-0.118619718341	
35.28	-0.119574972524	-0.119574972524	
35.32	-0.120545674201	-0.120545674201	
35.36	-0.121532223836	-0.121532223836	
35.4	-0.122535036247	-0.122535036247	
35.44	-0.123554541256	-0.123554541256	
35.48	-0.124591184361	-0.124591184361	
35.52	-0.125645427458	-0.125645427458	
35.56	-0.126717749598	-0.126717749598	
35.6	-0.127808647777	-0.127808647777	
35.64	-0.128918637788	-0.128918637788	
35.68	-0.1300482551	-0.1300482551	
35.72	-0.131198055803	-0.131198055803	
35.76	-0.1323686176	-0.1323686176	
35.8	-0.133560540855	-0.133560540855	
35.84	-0.134774449704	-0.134774449704	
35.88	-0.13601099323	-0.13601099323	
35.92	-0.137270846709	-0.137270846709	
35.96	-0.138554712928	-0.138554712928	
36.0	-0.139863323585	-0.139863323585	
36.04	-0.141197440769	-0.141197440769	
36.08	-0.142557858534	-0.142557858534	
36.12	-0.143945404573	-0.143945404573	
36.16	-0.14536094199	-0.14536094199	
36.2	-0.146805371184	-0.146805371184	
36.24	-0.148279631862	-0.148279631862	
36.28	-0.149784705168	-0.149784705168	
36.32	-0.151321615956	-0.151321615956	
36.36	-0.152891435213	-0.152891435213	
36.4	-0.154495282639	-0.154495282639	
36.44	-0.156134329399	-0.156134329399	
36.48	-0.157809801059	-0.157809801059	
36.52	-0.159522980726	-0.159522980726	
36.56	-0.161275212394	-0.161275212394	
36.6	-0.163067904533	-0.163067904533	
36.64	-0.16490253392	-0.16490253392	
36.68	-0.166780649744	-0.166780649744	
36.72	-0.168703878002	-0.168703878002	
36.76	-0.170673926216	-0.170673926216	
36.8	-0.172692588488	-0.172692588488	
36.84	-0.17476175093	-0.17476175093	
36.88	-0.176883397497	-0.176883397497	
36.92	-0.179059616257	-0.179059616257	
36.96	-0.181292606137	-0.181292606137	
37.0	-0.183584684186	-0.183584684186	
37.04	-0.185938293406	-0.185938293406	
37.08	-0.188356011185	-0.188356011185	
37.12	-0.190840558408	-0.190840558408	
37.16	-0.193394809294	-0.193394809294	
37.2	-0.196021802028	-0.196021802028	
37.24	-0.19872475026	-0.19872475026	
37.28	-0.201507055562	-0.201507055562	
37.32	-0.204372320917	-0.204372320917	
37.36	-0.207324365357	-0.207324365357	
37.4	-0.210367239845	-0.210367239845	
37.44	-0.213505244533	-0.213505244533	
37.48	-0.216742947528	-0.216742947528	
37.52	-0.220085205315	-0.220085205315	
37.56	-0.223537185006	-0.223537185006	
37.6	-0.227104388602	-0.227104388602	
37.64	-0.230792679466	-0.230792679466	
37.68	-0.234608311256	-0.234608311256	
37.72	-0.23855795955	-0.23855795955	
37.76	-0.242648756475	-0.242648756475	
37.8	-0.246888328637	-0.246888328637	
37.84	-0.251284838738	-0.251284838738	
37.88	-0.255847031252	-0.255847031252	
37.92	-0.260584282631	-0.260584282631	
37.96	-0.26550665655	-0.26550665655	
38.0	-0.270624964734	-0.270624964734	
38.04	-0.275950834036	-0.275950834036	
38.08	-0.281496780469	-0.281496780469	
38.12	-0.287276290999	-0.287276290999	
38.16	-0.293303914027	-0.293303914027	
38.2	-0.299595359589	-0.299595359589	
38.24	-0.306167610432	-0.306167610432	
38.28	-0.313039045298	-0.313039045298	
38.32	-0.320229575911	-0.320229575911	
38.36	-0.327760799369	-0.327760799369	
38.4	-0.335656167855	-0.335656167855	
38.44	-0.34394117788	-0.34394117788	
38.48	-0.352643581528	-0.352643581528	
38.52	-0.361793622566	-0.361793622566	
38.56	-0.371424300631	-0.371424300631	
38.6	-0.381571667206	-0.381571667206	
38.64	-0.392275157597	-0.392275157597	
38.68	-0.40357796373	-0.40357796373	
38.72	-0.415527453293	-0.415527453293	
38.76	-0.428175641537	-0.428175641537	
38.8	-0.44157972298	-0.44157972298	
38.84	-0.455802671334	-0.455802671334	
38.88	-0.470913917169	-0.470913917169	
38.92	-0.48699011429	-0.48699011429	
38.96	-0.504116007385	-0.504116007385	
39.0	-0.522385415429	-0.522385415429	
39.04	-0.541902347447	-0.541902347447	
39.08	-0.56278226975	-0.56278226975	
39.12	-0.585153546616	-0.585153546616	
39.16	-0.609159079609	-0.609159079609	
39.2	-0.634958174512	-0.634958174512	
39.24	-0.662728669028	-0.662728669028	
39.28	-0.692669359213	-0.692669359213	
39.32	-0.725002767955	-0.725002767955	
39.36	-0.759978304782	-0.759978304782	
39.4	-0.797875872818	-0.797875872818	
39.44	-0.839009985748	-0.839009985748	
39.48	-0.883734465081	-0.883734465081	
39.52	-0.932447795478	-0.932447795478	
39.56	-0.985599223069	-0.985599223069	
39.6	-1.04369568771	-1.04369568771	
39.64	-1.10730968397	-1.10730968397	
39.68	-1.17708814573	-1.17708814573	
39.72	-1.25376244247	-1.25376244247	
39.76	-1.33815955943	-1.33815955943	
39.8	-1.43121450111	-1.43121450111	
39.84	-1.53398390286	-1.53398390286	
39.88	-1.64766074505	-1.64766074505	
39.92	-1.77358992388	-1.77358992388	
39.96	-1.91328421805	-1.91328421805	
40.0	-2.06843986857	-2.06843986857	
